0	0.0452152273359895
0.1	0.00635834003072659
0.2	0.00290688932710932
0.3	0.0196512385631882
0.4	0.0308598186180883
0.5	0.0118776470479449
0.6	0.0141370910811515
0.7	0.0161169662832656
0.8	0.0288531334712874
0.9	0.0250468122472722
1	0.00703001034719791
1.1	0.00838594022567712
1.2	0.0235433306634654
1.3	0.0176622436042347
1.4	0.00914589310955684
1.5	0.0119654768195134
1.6	0.014884193279766
1.7	0.017568685459258
1.8	0.0380937899572919
1.9	0.018214546638577
2	0.0122311797283055
2.1	0.0271874472409215
2.2	0.0273248044798894
2.3	0.033190660722134
2.4	0.040858337344211
2.5	0.0423024130909799
2.6	0.0361097943798903
2.7	0.0259995768658602
2.8	0.0337494776239206
2.9	0.0399566660414636
3	0.0349179725865986
3.1	0.0319607104519476
3.2	0.033281604765963
3.3	0.0345031017721149
3.4	0.0340588341528541
3.5	0.0435040463169471
3.6	0.0334370385779906
3.7	0.0496866243721174
3.8	0.0406140164825198
3.9	0.0399244474748133
4	0.0218737245580328
4.1	0.055860634383016
4.2	0.0686782374800391
4.3	0.0441358241429151
4.4	0.0570123221514091
4.5	0.065999548256122
4.6	0.0604705193327635
4.7	0.0617735892017203
4.8	0.0521678683855821
4.9	0.0693453103809399
5	0.061685039242796
5.1	0.0691483401181253
5.2	0.0722313289000003
5.3	0.0575405531146633
5.4	0.0560640234921656
5.5	0.047352308943464
5.6	0.0554984593045848
5.7	0.0505932437892224
5.8	0.0545514926788027
5.9	0.0537224897208918
6	0.0666658740679516
6.1	0.0600008903553885
6.2	0.045356440178007
6.3	0.0320631146661926
6.4	0.0646070343330936
6.5	0.0559413596169668
6.6	0.0517412240508129
6.7	0.0608574275933521
6.8	0.0562055205059382
6.9	0.0687589053653915
7	0.0634159719713965
7.1	0.0764373072233172
7.2	0.0852089189359218
7.3	0.0866059013491249
7.4	0.0985606001933456
7.5	0.116838987902337
7.6	0.122781676704394
7.7	0.121519565622937
7.8	0.128718994491712
7.9	0.137703126560433
8	0.143500548061139
8.1	0.182916290952698
8.2	0.248890582222274
8.3	0.237933881389623
8.4	0.234504233069966
8.5	0.18385497488609
8.6	0.180283229023546
8.7	0.200485016607624
8.8	0.223686115650939
8.9	0.200902494121947
9	0.200927731778903
9.1	0.173029279372144
9.2	0.148681477481131
9.3	0.155269824738602
9.4	0.175455808541369
9.5	0.166871232272516
9.6	0.177010049871234
9.7	0.158263465378635
9.8	0.175954487483566
9.9	0.182442075048783
10	0.174600214498621
10.1	0.22338348355865
10.2	0.214700594512133
10.3	0.25059362849843
10.4	0.292131826209292
10.5	0.321828553467744
10.6	0.315766670405801
10.7	0.287776664020569
10.8	0.277716175491518
10.9	0.257221498241947
11	0.251222836142951
11.1	0.260553084145925
11.2	0.275625970287278
11.3	0.309736596731029
11.4	0.368419858542837
11.5	0.461748824395561
11.6	0.536226800094516
11.7	0.588740441256616
11.8	0.633794443859235
11.9	0.638508956023106
12	0.53800455793206
12.1	0.683727497691408
12.2	0.657533895027547
12.3	0.660203245986454
12.4	0.627366896152788
12.5	0.549400936534886
12.6	0.571415556213601
12.7	0.521347781407524
12.8	0.517195862555339
12.9	0.527311039881972
13	0.497167946891941
13.1	0.47103831423819
13.2	0.432424715299898
13.3	0.433457675308947
13.4	0.516055353622582
13.5	0.50963279800984
13.6	0.564098798730638
13.7	0.609873702228943
13.8	0.646172284731965
13.9	0.657555136133833
14	0.692756012357585
14.1	0.704043149486662
14.2	0.713359909693501
14.3	0.714974531987154
14.4	0.69498571872302
14.5	0.683746883029659
14.6	0.68299772970064
14.7	0.685986040638776
14.8	0.702132231021415
14.9	0.654588528442303
15	0.692290534622199
15.1	0.678435631352231
15.2	0.658990320079827
15.3	0.636984080156238
15.4	0.605987489248223
15.5	0.605684884030381
15.6	0.583518452898947
15.7	0.57503704655676
15.8	0.575472901201612
15.9	0.575274604920918
16	0.581927995382338
16.1	0.592303724633272
16.2	0.590745298572179
16.3	0.551731408884448
16.4	0.543755443008647
16.5	0.540783878292264
16.6	0.507115119005834
16.7	0.478475047534791
16.8	0.485935752804699
16.9	0.464627766909223
17	0.491616479352058
17.1	0.489759385326404
17.2	0.493833816051319
17.3	0.526181488220897
17.4	0.495360503143741
17.5	0.526382787224332
17.6	0.550531792654746
17.7	0.554378562321336
17.8	0.563744645912693
17.9	0.544192602130493
18	0.543777936651752
18.1	0.544388257936018
18.2	0.532506080119127
18.3	0.580297635357798
18.4	0.569429615125428
18.5	0.584821828311495
18.6	0.564599875479727
18.7	0.585074105777331
18.8	0.57699959941772
18.9	0.581444165504161
19	0.563245245053386
19.1	0.549352307589141
19.2	0.549817322464917
19.3	0.53754129410639
19.4	0.539482495046717
19.5	0.552880292720816
19.6	0.506573688115792
19.7	0.538048061738155
19.8	0.524980976621148
19.9	0.518159328964134
20	0.489337834707354
20.1	0.511572633544766
20.2	0.51485118376771
20.3	0.518843586662984
20.4	0.544105242239
20.5	0.53751242776904
20.6	0.549609461546089
20.7	0.55296691337247
20.8	0.55685515554631
20.9	0.574853257830835
21	0.58646410770925
21.1	0.588892607996323
21.2	0.607931008584937
21.3	0.651496743945189
21.4	0.634081297407351
21.5	0.628731301908775
21.6	0.634749679035504
21.7	0.648629658515563
21.8	0.644283854417645
21.9	0.673911706210266
22	0.666160409005543
22.1	0.646160010270122
22.2	0.644040638303356
22.3	0.655161402397365
22.4	0.652385387044963
22.5	0.662045628445298
22.6	0.638460850665375
22.7	0.674248697071461
22.8	0.686392083994173
22.9	0.684923841303582
23	0.712344536788671
23.1	0.733630859834229
23.2	0.772301276193324
23.3	0.863965962189965
23.4	0.964164533400003
23.5	1.05058390112379
23.6	1.13486235019138
23.7	1.1978531845494
23.8	1.25254182206505
23.9	1.32238694382924
24	1.3683826474901
24.1	1.40517477503376
24.2	1.50456663008223
24.3	1.55602142705376
24.4	1.62853608782072
24.5	1.71695338120874
24.6	1.82069141347585
24.7	1.97731736617016
24.8	2.03582886650438
24.9	2.15732751768818
25	2.33604134019294
25.1	2.48254099678702
25.2	2.6931148161446
25.3	2.92756510847584
25.4	3.11643193487713
25.5	3.37181213474033
25.6	3.61184334621003
25.7	3.99898297823874
25.8	4.4582785461876
25.9	5.05897038871463
26	5.72162660868976
26.1	6.75599717335385
26.2	7.94475088969827
26.3	10
26.4	10
26.5	10
26.6	10
26.7	10
26.8	10
26.9	10
27	10
27.1	10
27.2	10
27.3	10
27.4	10
27.5	10
27.6	10
27.7	10
27.8	10
27.9	10
28	10
28.1	10
28.2	10
28.3	10
28.4	10
28.5	10
28.6	10
28.7	10
28.8	10
28.9	10
29	10
29.1	10
29.2	10
29.3	10
29.4	10
29.5	10
29.6	10
29.7	10
29.8	10
29.9	10
30	10
30.1	10
30.2	10
30.3	10
30.4	10
30.5	10
30.6	10
30.7	10
30.8	10
30.9	10
31	10
31.1	10
31.2	10
31.3	10
31.4	10
31.5	10
31.6	10
31.7	10
31.8	10
31.9	10
32	10
32.1	10
32.2	10
32.3	10
32.4	10
32.5	10
32.6	10
32.7	10
32.8	10
32.9	10
33	10
33.1	10
33.2	10
33.3	10
33.4	10
33.5	10
33.6	10
33.7	10
33.8	10
33.9	10
34	10
34.1	10
34.2	10
34.3	10
34.4	10
34.5	10
34.6	10
34.7	10
34.8	10
34.9	10
35	10
35.1	10
35.2	10
35.3	10
35.4	10
35.5	10
35.6	10
35.7	10
35.8	10
35.9	10
36	10
36.1	10
36.2	10
36.3	10
36.4	10
36.5	10
36.6	10
36.7	10
36.8	10
36.9	10
37	10
37.1	10
37.2	10
37.3	10
37.4	10
37.5	10
37.6	10
37.7	10
37.8	10
37.9	10
38	10
38.1	10
38.2	10
38.3	10
38.4	10
38.5	10
38.6	10
38.7	10
38.8	10
38.9	10
39	10
39.1	10
39.2	10
39.3	10
39.4	10
39.5	10
39.6	10
39.7	10
39.8	10
39.9	10
40	10
40.1	10
40.2	10
40.3	10
40.4	10
40.5	10
40.6	10
40.7	10
40.8	10
40.9	10
41	10
41.1	10
41.2	10
41.3	10
41.4	10
41.5	10
41.6	10
41.7	10
41.8	10
41.9	10
42	10
42.1	10
42.2	10
42.3	10
42.4	10
42.5	10
42.6	10
42.7	10
42.8	10
42.9	10
43	10
43.1	10
43.2	10
43.3	10
43.4	10
43.5	10
43.6	10
43.7	10
43.8	10
43.9	10
44	10
44.1	10
44.2	10
44.3	10
44.4	10
44.5	10
44.6	10
44.7	10
44.8	10
44.9	10
45	10
