0	0.102418801148832
0.1	0.0670407539176399
0.2	0.0607137920786255
0.3	0.0648826990626677
0.4	0.0699453000272143
0.5	0.0885847724694806
0.6	0.0646138545400326
0.7	0.0820746960940571
0.8	0.0745692227853152
0.9	0.0889869823210935
1	0.0821084552145857
1.1	0.0834875086328829
1.2	0.0630986810058596
1.3	0.0689738075701466
1.4	0.0941023261756304
1.5	0.0819372796196242
1.6	0.0714998481602154
1.7	0.0774270913124496
1.8	0.0785841349202485
1.9	0.0830235809480732
2	0.0898355200689605
2.1	0.0883503496478316
2.2	0.0801133070403007
2.3	0.0778538192803435
2.4	0.0872287449317358
2.5	0.0915867799255201
2.6	0.0920464937259193
2.7	0.0953422069328211
2.8	0.0966891847326687
2.9	0.0845998637089434
3	0.0794744459195803
3.1	0.0974524064016657
3.2	0.0860617882271558
3.3	0.0988221277292818
3.4	0.0931436557870767
3.5	0.0932820013675164
3.6	0.0911589168893568
3.7	0.0994055267374214
3.8	0.0860010966167446
3.9	0.0945134666437513
4	0.112734644017621
4.1	0.0904739069094828
4.2	0.105641124510353
4.3	0.0961486858021214
4.4	0.101838238436187
4.5	0.108406037959664
4.6	0.109835395176191
4.7	0.11134843964678
4.8	0.120395562343424
4.9	0.107720546173132
5	0.112460884957814
5.1	0.12543056225876
5.2	0.12547617122028
5.3	0.12647549031395
5.4	0.131240037022511
5.5	0.125052499544453
5.6	0.13313183037721
5.7	0.128375281195529
5.8	0.135699963252095
5.9	0.137768023655792
6	0.124439645532073
6.1	0.120492489517484
6.2	0.110189343276316
6.3	0.11775599635017
6.4	0.113712355737322
6.5	0.105925933515647
6.6	0.109552975982829
6.7	0.113575923448799
6.8	0.126848488928313
6.9	0.121179597172694
7	0.0960131150431571
7.1	0.0922709281806979
7.2	0.114779349650642
7.3	0.118902839461075
7.4	0.112465953089506
7.5	0.117974732960813
7.6	0.121800217894588
7.7	0.108071713085464
7.8	0.113472510662177
7.9	0.118927662953365
8	0.124140298137365
8.1	0.136952969596894
8.2	0.100333541645382
8.3	0.132789480258619
8.4	0.13650889922826
8.5	0.150742769352602
8.6	0.156055390782501
8.7	0.151662638332052
8.8	0.156328636828142
8.9	0.159172724670777
9	0.167492312686489
9.1	0.156859845115091
9.2	0.176120666408271
9.3	0.151341605176345
9.4	0.136325133448046
9.5	0.140110361690159
9.6	0.163635657172682
9.7	0.170860254866139
9.8	0.214908090608776
9.9	0.227261050410868
10	0.245574658369996
10.1	0.245075306653929
10.2	0.245080406612675
10.3	0.202351110359523
10.4	0.179210909690204
10.5	0.158033734570967
10.6	0.165431848223591
10.7	0.17029807886022
10.8	0.162575923097378
10.9	0.189210793683802
11	0.173141838160754
11.1	0.207673619689803
11.2	0.217272939065899
11.3	0.228893762575998
11.4	0.225028799515934
11.5	0.267577165245096
11.6	0.301194226339909
11.7	0.324632603304802
11.8	0.400494560597731
11.9	0.419457828431778
12	0.415182667093175
12.1	0.392404739430503
12.2	0.367698094611756
12.3	0.334204885443418
12.4	0.303422727022823
12.5	0.281633544487357
12.6	0.272334319593527
12.7	0.270006288698934
12.8	0.288085136377002
12.9	0.336673411606461
13	0.432646499327247
13.1	0.522311567224672
13.2	0.635490183855361
13.3	0.723509830836863
13.4	0.822944230600577
13.5	0.854403293459903
13.6	0.7975550524555
13.7	1.00817496941639
13.8	1.04231871556319
13.9	1.07882782408069
14	1.05504902023489
14.1	1.07391935403344
14.2	1.00835549867562
14.3	1.05910960985464
14.4	0.996025959408228
14.5	0.957995261675719
14.6	0.915079120197973
14.7	0.737812538666015
14.8	0.84501662653916
14.9	0.730001412135959
15	0.6923746229816
15.1	0.726603616471192
15.2	0.722877260593866
15.3	0.660504250521948
15.4	0.676118617642279
15.5	0.660265908043
15.6	0.651438266613176
15.7	0.624442196423957
15.8	0.598910554068097
15.9	0.583339913513931
16	0.559841441869473
16.1	0.539383514886121
16.2	0.539466408029361
16.3	0.538717970856339
16.4	0.568205174671478
16.5	0.565314329135616
16.6	0.587881450361349
16.7	0.601933617071341
16.8	0.631266575405409
16.9	0.588729401546473
17	0.618558189480032
17.1	0.612006527263051
17.2	0.620157077815195
17.3	0.588355523171664
17.4	0.576270547780563
17.5	0.589391411074863
17.6	0.547072135487948
17.7	0.561110749334909
17.8	0.557586188623846
17.9	0.567532246654906
18	0.564974874802232
18.1	0.570644372148078
18.2	0.560373650360422
18.3	0.570723982907178
18.4	0.585149298043848
18.5	0.588780129843439
18.6	0.58014036389762
18.7	0.581555358764353
18.8	0.572223742971792
18.9	0.565154329624013
19	0.563712915954267
19.1	0.579750114107607
19.2	0.568870900401292
19.3	0.583487921801579
19.4	0.566731661574524
19.5	0.562804582445995
19.6	0.579552178811046
19.7	0.537236747892183
19.8	0.546714811266462
19.9	0.553998518280929
20	0.558129653406623
20.1	0.533749312452914
20.2	0.563815448615497
20.3	0.550076481755721
20.4	0.553903403980955
20.5	0.567162825397448
20.6	0.580499065142441
20.7	0.596914044331078
20.8	0.582441402209577
20.9	0.606378013310278
21	0.602661350107512
21.1	0.567400372368417
21.2	0.580139794493085
21.3	0.577367055930808
21.4	0.575207954720931
21.5	0.558845545372615
21.6	0.556170408808047
21.7	0.565190981576376
21.8	0.560813278610191
21.9	0.550939912055123
22	0.569653552673635
22.1	0.590608682063116
22.2	0.541549523275987
22.3	0.569000406641922
22.4	0.554551836307508
22.5	0.550217472258318
22.6	0.578340945520748
22.7	0.564332376735349
22.8	0.57209882750808
22.9	0.556634784114664
23	0.546639032509939
23.1	0.552320869782567
23.2	0.556535856411415
23.3	0.586104001436453
23.4	0.58714846106932
23.5	0.595668873860616
23.6	0.600807636674909
23.7	0.597344115320823
23.8	0.605624431647964
23.9	0.617604807952596
24	0.62564922036522
24.1	0.663410546499963
24.2	0.66192501232379
24.3	0.637372292976326
24.4	0.652468779588049
24.5	0.652392500221205
24.6	0.685165889491437
24.7	0.699027050072486
24.8	0.706547087335519
24.9	0.699478964288156
25	0.693961182655102
25.1	0.692840165101132
25.2	0.693995283272754
25.3	0.688492545196326
25.4	0.687497687388597
25.5	0.676358226439188
25.6	0.658794639101453
25.7	0.664650555517463
25.8	0.644741105008516
25.9	0.663758051430656
26	0.677257304174442
26.1	0.711686144149701
26.2	0.726650254108946
26.3	0.769471982497097
26.4	0.832924150433739
26.5	0.895067401840637
26.6	0.972784599918638
26.7	1.04204846547468
26.8	1.12596029797402
26.9	1.1830275912089
27	1.22411679051513
27.1	1.26672187178571
27.2	1.30621551844995
27.3	1.36286207849093
27.4	1.40720822348948
27.5	1.46930676127994
27.6	1.51838378524858
27.7	1.61199753579163
27.8	1.68275341901487
27.9	1.72318072076333
28	1.84050029879291
28.1	1.89882438398511
28.2	1.97641707642768
28.3	2.05748934203096
28.4	2.21856085839865
28.5	2.33091271050007
28.6	2.51744214658426
28.7	2.72547553540428
28.8	2.90996268769396
28.9	3.17176688888381
29	3.37513457016245
29.1	3.71863232004044
29.2	4.16651883810994
29.3	4.6623763893993
29.4	5.28763787960471
29.5	6.00429332741033
29.6	6.92449096183484
29.7	8.00657276735842
29.8	10
29.9	10
30	10
30.1	10
30.2	10
30.3	10
30.4	10
30.5	10
30.6	10
30.7	10
30.8	10
30.9	10
31	10
31.1	10
31.2	10
31.3	10
31.4	10
31.5	10
31.6	10
31.7	10
31.8	10
31.9	10
32	10
32.1	10
32.2	10
32.3	10
32.4	10
32.5	10
32.6	10
32.7	10
32.8	10
32.9	10
33	10
33.1	10
33.2	10
33.3	10
33.4	10
33.5	10
33.6	10
33.7	10
33.8	10
33.9	10
34	10
34.1	10
34.2	10
34.3	10
34.4	10
34.5	10
34.6	10
34.7	10
34.8	10
34.9	10
35	10
35.1	10
35.2	10
35.3	10
35.4	10
35.5	10
35.6	10
35.7	10
35.8	10
35.9	10
36	10
36.1	10
36.2	10
36.3	10
36.4	10
36.5	10
36.6	10
36.7	10
36.8	10
36.9	10
37	10
37.1	10
37.2	10
37.3	10
37.4	10
37.5	10
37.6	10
37.7	10
37.8	10
37.9	10
38	10
38.1	10
38.2	10
38.3	10
38.4	10
38.5	10
38.6	10
38.7	10
38.8	10
38.9	10
39	10
39.1	10
39.2	10
39.3	10
39.4	10
39.5	10
39.6	10
39.7	10
39.8	10
39.9	10
40	10
40.1	10
40.2	10
40.3	10
40.4	10
40.5	10
40.6	10
40.7	10
40.8	10
40.9	10
41	10
41.1	10
41.2	10
41.3	10
41.4	10
41.5	10
41.6	10
41.7	10
41.8	10
41.9	10
42	10
42.1	10
42.2	10
42.3	10
42.4	10
42.5	10
42.6	10
42.7	10
42.8	10
42.9	10
43	10
43.1	10
43.2	10
43.3	10
43.4	10
43.5	10
43.6	10
43.7	10
43.8	10
43.9	10
44	10
44.1	10
44.2	10
44.3	10
44.4	10
44.5	10
44.6	10
44.7	10
44.8	10
44.9	10
45	10
