0	0.106093822591901
0.1	0.0711713611735666
0.2	0.0769366292307307
0.3	0.065945827588439
0.4	0.104078956358608
0.5	0.0754465120024278
0.6	0.0922354624803627
0.7	0.0698069131918778
0.8	0.0919311232115766
0.9	0.0755263496352119
1	0.0879517905096973
1.1	0.105949307616651
1.2	0.0850499394663993
1.3	0.0619311520405814
1.4	0.0816000183091795
1.5	0.0795906031941404
1.6	0.0979223884377409
1.7	0.0845543737502396
1.8	0.0715635161796563
1.9	0.082962310174616
2	0.104501122115325
2.1	0.0990339965631594
2.2	0.0858950405447096
2.3	0.098433395145404
2.4	0.0915235690036942
2.5	0.080670417810994
2.6	0.0878680005568354
2.7	0.093055211470412
2.8	0.102896452450226
2.9	0.0945252651955231
3	0.102845403985802
3.1	0.0983465964514106
3.2	0.0908341326628012
3.3	0.0989172037104649
3.4	0.106040270784199
3.5	0.0922424882257072
3.6	0.109271898962838
3.7	0.0890183044020349
3.8	0.114730296231666
3.9	0.0984951132713653
4	0.110270748626835
4.1	0.102567961236409
4.2	0.094714954226324
4.3	0.105519035803259
4.4	0.100740771181513
4.5	0.10030078604053
4.6	0.123727087093153
4.7	0.0960634868091824
4.8	0.109472210641503
4.9	0.0996095098711989
5	0.116856683618575
5.1	0.126762994991578
5.2	0.0876582492147477
5.3	0.118359552292416
5.4	0.108498475600275
5.5	0.125845130179785
5.6	0.110423792543271
5.7	0.120033139101188
5.8	0.127997921754012
5.9	0.140292033985761
6	0.140772267452812
6.1	0.13930123551438
6.2	0.140323468678896
6.3	0.138602612345565
6.4	0.152663723321894
6.5	0.143121397126102
6.6	0.138232200511872
6.7	0.152787091333522
6.8	0.152612567538321
6.9	0.144673101891658
7	0.136351968693032
7.1	0.129474802146019
7.2	0.13178126362642
7.3	0.13119147506074
7.4	0.110777492217106
7.5	0.127041906180303
7.6	0.12043115216001
7.7	0.130589465489484
7.8	0.138586325059588
7.9	0.125701328047162
8	0.104198147022672
8.1	0.110597860480394
8.2	0.107257568666295
8.3	0.124613847701278
8.4	0.127888920414237
8.5	0.12794793635115
8.6	0.128967194478126
8.7	0.136172387592437
8.8	0.104963100444342
8.9	0.120417690724715
9	0.121535426676624
9.1	0.123127298867089
9.2	0.120627456615532
9.3	0.13673281942228
9.4	0.0985203286332949
9.5	0.126667448277412
9.6	0.121799608102967
9.7	0.122377364402177
9.8	0.131452195413288
9.9	0.133172676308749
10	0.123201708303708
10.1	0.131087539287323
10.2	0.131000253548175
10.3	0.137980208122663
10.4	0.125964617043471
10.5	0.145946392389817
10.6	0.169948438794091
10.7	0.220213924068201
10.8	0.19660597751678
10.9	0.253584430099775
11	0.263808290627476
11.1	0.259487509752319
11.2	0.291450460475578
11.3	0.298650172945865
11.4	0.334600741204549
11.5	0.305523698924464
11.6	0.323059576857686
11.7	0.308260636665146
11.8	0.261237607597779
11.9	0.226525545717253
12	0.195118316976809
12.1	0.167537458139049
12.2	0.159870565895007
12.3	0.136084397249653
12.4	0.131518135285553
12.5	0.177288754954092
12.6	0.163936885033843
12.7	0.229921539761673
12.8	0.265362816389957
12.9	0.307169220434625
13	0.348078256014805
13.1	0.455642871538659
13.2	0.487248528087665
13.3	0.577371246800511
13.4	0.632883267953536
13.5	0.756277080948563
13.6	0.792783128191829
13.7	0.848350707035275
13.8	0.84594817771838
13.9	0.846119233527657
14	0.844154373762082
14.1	0.819078959740856
14.2	0.786971124320679
14.3	0.761547607468067
14.4	0.699104388393374
14.5	0.655862435378012
14.6	0.627795565492108
14.7	0.578147400769688
14.8	0.584249327299069
14.9	0.573489532243364
15	0.555383517805513
15.1	0.570548057437153
15.2	0.619866878624435
15.3	0.691223821698056
15.4	0.728717574858981
15.5	0.717765333257317
15.6	0.808958820869187
15.7	0.876265023438895
15.8	0.846925705602834
15.9	0.843301521244365
16	0.832796237917753
16.1	0.886238351434033
16.2	0.800851259237107
16.3	0.802297242086234
16.4	0.723201609969947
16.5	0.712469789428431
16.6	0.666319393817971
16.7	0.650414166151767
16.8	0.588474584418285
16.9	0.66275976087265
17	0.577489702216684
17.1	0.528645597644518
17.2	0.527962808044991
17.3	0.599070160943191
17.4	0.587241240268998
17.5	0.54731008071099
17.6	0.577808864721306
17.7	0.562723213066117
17.8	0.572077802648562
17.9	0.571891966938307
18	0.549772211747415
18.1	0.555508736691563
18.2	0.567973697309476
18.3	0.564579606002999
18.4	0.557509389109401
18.5	0.54043541813342
18.6	0.549825057080634
18.7	0.559163093407749
18.8	0.554227935460315
18.9	0.548839788565574
19	0.536499992861958
19.1	0.541611906661768
19.2	0.537804803655779
19.3	0.518814732279374
19.4	0.516668410918169
19.5	0.528461911481637
19.6	0.486011670212324
19.7	0.517458311543325
19.8	0.519056138459847
19.9	0.537664780922967
20	0.545880232181602
20.1	0.555475935707442
20.2	0.525673873792203
20.3	0.536682741937861
20.4	0.519276684633345
20.5	0.536594118114876
20.6	0.545954968076357
20.7	0.536190147910346
20.8	0.537803911763272
20.9	0.539477456467397
21	0.551091384660887
21.1	0.557748656128722
21.2	0.549990469617204
21.3	0.557117389057215
21.4	0.56161502788389
21.5	0.552890549459264
21.6	0.533604301892729
21.7	0.557826791981599
21.8	0.530620810128819
21.9	0.534020309944846
22	0.528885493606961
22.1	0.542510828300565
22.2	0.519263027261329
22.3	0.49597426016506
22.4	0.504726125952496
22.5	0.527998744393105
22.6	0.511994367410366
22.7	0.529414175770134
22.8	0.522582890743403
22.9	0.533736096321257
23	0.516657798402124
23.1	0.525522819258483
23.2	0.533759455481873
23.3	0.511846695540617
23.4	0.518761958163679
23.5	0.527666930022147
23.6	0.530366504106573
23.7	0.521775418427262
23.8	0.534383465892375
23.9	0.54403709168712
24	0.563091199970701
24.1	0.547943677268431
24.2	0.553588731895965
24.3	0.561675315205376
24.4	0.565343626863851
24.5	0.562458646780314
24.6	0.548940614792231
24.7	0.543352591759597
24.8	0.541721149962825
24.9	0.544073078404376
25	0.525150890051336
25.1	0.512223293564171
25.2	0.502442604133311
25.3	0.53109635145459
25.4	0.483051789100993
25.5	0.517044066860825
25.6	0.506244871999727
25.7	0.502063482978322
25.8	0.501986172567308
25.9	0.500700886158251
26	0.500021112575461
26.1	0.522166051624873
26.2	0.501825915662629
26.3	0.528935438398438
26.4	0.530838128419378
26.5	0.512717456515887
26.6	0.524959426332519
26.7	0.5357456262443
26.8	0.539838739968924
26.9	0.543445988734417
27	0.548990378132655
27.1	0.536036812006437
27.2	0.543452499850392
27.3	0.563840099330579
27.4	0.561855307685312
27.5	0.586334579267519
27.6	0.586894081007873
27.7	0.601653908129764
27.8	0.584886299250178
27.9	0.600333485702811
28	0.596429853308201
28.1	0.57893502610873
28.2	0.582822018038035
28.3	0.59609470555301
28.4	0.630458412264128
28.5	0.61677934998961
28.6	0.63331919885716
28.7	0.600187079624025
28.8	0.59682535199793
28.9	0.606666966232508
29	0.616864676215368
29.1	0.619231582749844
29.2	0.616457657498086
29.3	0.622585986140772
29.4	0.627020806350234
29.5	0.635914704699455
29.6	0.652174276918699
29.7	0.628012043192615
29.8	0.640755222871497
29.9	0.663877436117197
30	0.679656760522303
30.1	0.717679807277417
30.2	0.738852108409668
30.3	0.790545996361445
30.4	0.844367367632282
30.5	0.870399521140368
30.6	0.907069635622203
30.7	0.915274183650911
30.8	0.953710604852718
30.9	0.988481264563002
31	0.99062441224199
31.1	1.06028507680718
31.2	1.17396252956666
31.3	1.25590966419374
31.4	1.32068905831089
31.5	1.41569185280579
31.6	1.4601002593883
31.7	1.5296403525379
31.8	1.5825177128164
31.9	1.64686310055843
32	1.74863725730851
32.1	1.79911724409579
32.2	1.86063188442591
32.3	1.92104475234449
32.4	1.98670546528897
32.5	2.10018100585709
32.6	2.16666672319829
32.7	2.3113777601222
32.8	2.43242761216511
32.9	2.55073810481741
33	2.66799853227247
33.1	2.95261867605731
33.2	3.15274641521717
33.3	3.4914665071417
33.4	3.95820542244978
33.5	4.38847099977529
33.6	4.95101754611952
33.7	5.57866556354073
33.8	6.28065587507486
33.9	7.14026767003709
34	8.11011736310899
34.1	10
34.2	10
34.3	10
34.4	10
34.5	10
34.6	10
34.7	10
34.8	10
34.9	10
35	10
35.1	10
35.2	10
35.3	10
35.4	10
35.5	10
35.6	10
35.7	10
35.8	10
35.9	10
36	10
36.1	10
36.2	10
36.3	10
36.4	10
36.5	10
36.6	10
36.7	10
36.8	10
36.9	10
37	10
37.1	10
37.2	10
37.3	10
37.4	10
37.5	10
37.6	10
37.7	10
37.8	10
37.9	10
38	10
38.1	10
38.2	10
38.3	10
38.4	10
38.5	10
38.6	10
38.7	10
38.8	10
38.9	10
39	10
39.1	10
39.2	10
39.3	10
39.4	10
39.5	10
39.6	10
39.7	10
39.8	10
39.9	10
40	10
40.1	10
40.2	10
40.3	10
40.4	10
40.5	10
40.6	10
40.7	10
40.8	10
40.9	10
41	10
41.1	10
41.2	10
41.3	10
41.4	10
41.5	10
41.6	10
41.7	10
41.8	10
41.9	10
42	10
42.1	10
42.2	10
42.3	10
42.4	10
42.5	10
42.6	10
42.7	10
42.8	10
42.9	10
43	10
43.1	10
43.2	10
43.3	10
43.4	10
43.5	10
43.6	10
43.7	10
43.8	10
43.9	10
44	10
44.1	10
44.2	10
44.3	10
44.4	10
44.5	10
44.6	10
44.7	10
44.8	10
44.9	10
45	10
