0	0.103373534999192
0.1	0.0678118156012346
0.2	0.0750117661635243
0.3	0.062961373685051
0.4	0.101288988095771
0.5	0.0714372960133577
0.6	0.0908892415853544
0.7	0.0652491607553619
0.8	0.0889130587329549
0.9	0.0688673647689455
1	0.084452471989527
1.1	0.104891959122225
1.2	0.083843944620928
1.3	0.063770416402391
1.4	0.072949063799722
1.5	0.0737897322352687
1.6	0.09297580330145
1.7	0.0791999964283924
1.8	0.0708921202489307
1.9	0.0781951174286555
2	0.0990415431784307
2.1	0.0935924158775807
2.2	0.0888332214002584
2.3	0.0807348216385441
2.4	0.0977755684322361
2.5	0.0765718246861623
2.6	0.0850083737750078
2.7	0.0900556207727899
2.8	0.0984889348630395
2.9	0.0943012805993459
3	0.0970436776890926
3.1	0.0886696359313204
3.2	0.0892124983210465
3.3	0.0979299228833707
3.4	0.100401752686908
3.5	0.0738348320229991
3.6	0.10525452855851
3.7	0.0912679723270084
3.8	0.10158454899569
3.9	0.0966095289405025
4	0.102377681494599
4.1	0.101665110484343
4.2	0.0935654487544723
4.3	0.115186359361343
4.4	0.0984026207764477
4.5	0.104252082041721
4.6	0.110475706717883
4.7	0.118023323240328
4.8	0.0955986192521637
4.9	0.0952054360425473
5	0.109335192306084
5.1	0.0837105091501863
5.2	0.115258057816533
5.3	0.109024912826826
5.4	0.109812584973355
5.5	0.126715907265435
5.6	0.112884036322917
5.7	0.119039096199949
5.8	0.118135544970273
5.9	0.133683718102435
6	0.140453381795381
6.1	0.143745451236209
6.2	0.13822768100314
6.3	0.126452792235379
6.4	0.149942975651204
6.5	0.135691782226587
6.6	0.142779589286568
6.7	0.152028626749096
6.8	0.14915364749941
6.9	0.146749773007394
7	0.139530968631399
7.1	0.123258230611648
7.2	0.128019387175173
7.3	0.135810129712194
7.4	0.119502463336678
7.5	0.108885501212952
7.6	0.129291659733112
7.7	0.120790361888749
7.8	0.13170699859818
7.9	0.143340200390561
8	0.110618816815371
8.1	0.106980641690408
8.2	0.106305697100436
8.3	0.117014863883264
8.4	0.120881670644709
8.5	0.121477005612905
8.6	0.129153727130458
8.7	0.116974529538626
8.8	0.140787147052627
8.9	0.117338332792795
9	0.116713472342887
9.1	0.118714699662498
9.2	0.122210593192748
9.3	0.117783309534533
9.4	0.137788545796897
9.5	0.102592901982714
9.6	0.126455417718036
9.7	0.117997505219749
9.8	0.1201550965181
9.9	0.130371222105282
10	0.131179302452614
10.1	0.124953098830277
10.2	0.131561369014157
10.3	0.129595350945519
10.4	0.142402969721392
10.5	0.129550131029146
10.6	0.150108881703533
10.7	0.17534818452364
10.8	0.235607847536468
10.9	0.209306511886887
11	0.267634458138615
11.1	0.273230863275782
11.2	0.269254092636194
11.3	0.299063436029641
11.4	0.30577242378506
11.5	0.340975494683981
11.6	0.312722991926742
11.7	0.328912459588635
11.8	0.316659934321203
11.9	0.267464106854967
12	0.235481614687709
12.1	0.203184994236032
12.2	0.172591507589098
12.3	0.162712028655071
12.4	0.147188167476703
12.5	0.134688320649017
12.6	0.179809124200866
12.7	0.162497359227146
12.8	0.23222137746615
12.9	0.277463856528775
13	0.325351406437506
13.1	0.387200298946694
13.2	0.47829464841937
13.3	0.523545837028368
13.4	0.603404936218153
13.5	0.668136977479896
13.6	0.782809740756909
13.7	0.831486111955838
13.8	0.908306971732341
13.9	0.902685174401025
14	0.91422808600596
14.1	0.895390487066154
14.2	0.870572959057183
14.3	0.818057195922513
14.4	0.807119236464573
14.5	0.719541642751632
14.6	0.677749072849336
14.7	0.634392949300409
14.8	0.60309319562345
14.9	0.594212748730707
15	0.560564999189281
15.1	0.548227282688216
15.2	0.552445936625224
15.3	0.571186328726753
15.4	0.65957235168768
15.5	0.690824252562159
15.6	0.705221426167962
15.7	0.743365577675178
15.8	0.852056459373856
15.9	0.83786058088648
16	0.79831531355251
16.1	0.798410552889705
16.2	0.820981747794469
16.3	0.828111121399463
16.4	0.722619929032886
16.5	0.75138979169511
16.6	0.648497684222329
16.7	0.681882745659996
16.8	0.591110412990623
16.9	0.643142418480029
17	0.530032488264457
17.1	0.607898261476923
17.2	0.542053674738491
17.3	0.544477036643163
17.4	0.485124578382963
17.5	0.576741405513372
17.6	0.564136111073699
17.7	0.551429090919799
17.8	0.568403178200405
17.9	0.55296705488475
18	0.563522618728912
18.1	0.552013225466304
18.2	0.549700956707341
18.3	0.567936264893534
18.4	0.573497446237
18.5	0.562925049991279
18.6	0.556784916301223
18.7	0.544357520040784
18.8	0.550227454760331
18.9	0.551152968184608
19	0.548716012460006
19.1	0.546504385653443
19.2	0.54180322417921
19.3	0.525612160538824
19.4	0.546134995653289
19.5	0.520966612304254
19.6	0.517995359705688
19.7	0.515381919272626
19.8	0.485906085098251
19.9	0.515289085780023
20	0.524875786073166
20.1	0.540472802074009
20.2	0.553279209934102
20.3	0.543620550987739
20.4	0.530175426762329
20.5	0.531565539086613
20.6	0.502269584712629
20.7	0.538627117277867
20.8	0.534252912269076
20.9	0.532949033773914
21	0.519309133391189
21.1	0.517082557280386
21.2	0.531004603760364
21.3	0.531508499943698
21.4	0.521878479980574
21.5	0.52284021433707
21.6	0.534828113655236
21.7	0.542940270924483
21.8	0.514491902096417
21.9	0.531095152501147
22	0.511812989657862
22.1	0.526351381581388
22.2	0.523918401772205
22.3	0.529117805137135
22.4	0.50741528412061
22.5	0.490034771611861
22.6	0.497130570507365
22.7	0.515174795756588
22.8	0.506461240232393
22.9	0.53081423437852
23	0.517052408574978
23.1	0.528659254959438
23.2	0.511347122899037
23.3	0.528461595011962
23.4	0.536425464279335
23.5	0.521929756421866
23.6	0.522424928127839
23.7	0.529442694561408
23.8	0.533602077852656
23.9	0.520839172827595
24	0.532745866104128
24.1	0.545242285704735
24.2	0.551462022941989
24.3	0.547245734837432
24.4	0.545961816716577
24.5	0.562975744718909
24.6	0.559726024282417
24.7	0.563241134528043
24.8	0.543399933874923
24.9	0.536085331584921
25	0.545868149404356
25.1	0.551125323216915
25.2	0.534684479492306
25.3	0.512656915042729
25.4	0.501637538187236
25.5	0.545420199373367
25.6	0.498600366046768
25.7	0.514741562418331
25.8	0.521423459806161
25.9	0.501381182224197
26	0.49652193113453
26.1	0.493123818566324
26.2	0.487266746264258
26.3	0.51231953011814
26.4	0.496806893314859
26.5	0.514836180067927
26.6	0.536078853674957
26.7	0.524542484983253
26.8	0.538279269793575
26.9	0.556645920012691
27	0.553761850645324
27.1	0.562516925474095
27.2	0.568403367161064
27.3	0.559278145588124
27.4	0.558982618774431
27.5	0.568124712694094
27.6	0.563876460350995
27.7	0.572324105138572
27.8	0.581299098580029
27.9	0.606197334005906
28	0.616789669166122
28.1	0.614144363608034
28.2	0.612268108219358
28.3	0.591741894561622
28.4	0.608676919859075
28.5	0.602111437183753
28.6	0.608195886417206
28.7	0.629806091435466
28.8	0.618160527658293
28.9	0.602200470272934
29	0.599541437820802
29.1	0.578680657678563
29.2	0.601183513287768
29.3	0.610761038997308
29.4	0.585187195798755
29.5	0.60729743863534
29.6	0.587345091983611
29.7	0.618541239080502
29.8	0.610131585177535
29.9	0.625704270119545
30	0.616097330442412
30.1	0.636425093216045
30.2	0.663372784287249
30.3	0.679248511186632
30.4	0.702088201455814
30.5	0.746520580906455
30.6	0.783012596272496
30.7	0.854103082535242
30.8	0.87686400289263
30.9	0.89024440522172
31	0.901679415280939
31.1	0.950253508854905
31.2	0.968260376441619
31.3	0.9789387045383
31.4	1.06568160347282
31.5	1.17933859194803
31.6	1.25462452475253
31.7	1.33152764498212
31.8	1.42161131428557
31.9	1.46656956353208
32	1.53846497667187
32.1	1.58546847871482
32.2	1.64494602820062
32.3	1.74980131755934
32.4	1.80498093871246
32.5	1.86733862360161
32.6	1.9088412081578
32.7	1.99970643882771
32.8	2.10036535308079
32.9	2.18287235704788
33	2.31704001131106
33.1	2.43733767075244
33.2	2.55499701218988
33.3	2.68025176021644
33.4	2.95051910326474
33.5	3.15904448275391
33.6	3.50594424663612
33.7	3.97077183535486
33.8	4.40450396659367
33.9	4.96812097355027
34	5.59612057145036
34.1	6.29258451283381
34.2	7.15529827484167
34.3	8.11646090546906
34.4	10
34.5	10
34.6	10
34.7	10
34.8	10
34.9	10
35	10
35.1	10
35.2	10
35.3	10
35.4	10
35.5	10
35.6	10
35.7	10
35.8	10
35.9	10
36	10
36.1	10
36.2	10
36.3	10
36.4	10
36.5	10
36.6	10
36.7	10
36.8	10
36.9	10
37	10
37.1	10
37.2	10
37.3	10
37.4	10
37.5	10
37.6	10
37.7	10
37.8	10
37.9	10
38	10
38.1	10
38.2	10
38.3	10
38.4	10
38.5	10
38.6	10
38.7	10
38.8	10
38.9	10
39	10
39.1	10
39.2	10
39.3	10
39.4	10
39.5	10
39.6	10
39.7	10
39.8	10
39.9	10
40	10
40.1	10
40.2	10
40.3	10
40.4	10
40.5	10
40.6	10
40.7	10
40.8	10
40.9	10
41	10
41.1	10
41.2	10
41.3	10
41.4	10
41.5	10
41.6	10
41.7	10
41.8	10
41.9	10
42	10
42.1	10
42.2	10
42.3	10
42.4	10
42.5	10
42.6	10
42.7	10
42.8	10
42.9	10
43	10
43.1	10
43.2	10
43.3	10
43.4	10
43.5	10
43.6	10
43.7	10
43.8	10
43.9	10
44	10
44.1	10
44.2	10
44.3	10
44.4	10
44.5	10
44.6	10
44.7	10
44.8	10
44.9	10
45	10
