0	0.107130038631856
0.1	0.0722024700578914
0.2	0.0751035198168968
0.3	0.0675056196140798
0.4	0.0999688595659875
0.5	0.0802369702207242
0.6	0.0889061115009571
0.7	0.071928387273034
0.8	0.087442543323765
0.9	0.0803077513584895
1	0.0935594894446055
1.1	0.102566350700446
1.2	0.0846705899590165
1.3	0.0520780360577044
1.4	0.0780257679382723
1.5	0.080287948908192
1.6	0.091195347124734
1.7	0.087145221398068
1.8	0.0741462666137717
1.9	0.0829958873467525
2	0.097054693095991
2.1	0.103006578337007
2.2	0.0782397952442025
2.3	0.117994306198663
2.4	0.0850503932295761
2.5	0.0846557842409967
2.6	0.0918865294358801
2.7	0.0970597151969484
2.8	0.102341422126253
2.9	0.0950377496437439
3	0.0959189342557227
3.1	0.102039010205451
3.2	0.103648491824585
3.3	0.101116448481074
3.4	0.0782636945697621
3.5	0.106744251330579
3.6	0.0963251079199296
3.7	0.0976091736593132
3.8	0.0999408350811743
3.9	0.102182422246897
4	0.103482813206013
4.1	0.0966552536966018
4.2	0.115355877363255
4.3	0.100880032177283
4.4	0.105610254742703
4.5	0.116471741184245
4.6	0.115042196685721
4.7	0.106581244915284
4.8	0.10253494187287
4.9	0.120933342012717
5	0.106574169053275
5.1	0.100285830920701
5.2	0.118730487941775
5.3	0.11108868909496
5.4	0.132677563633699
5.5	0.111185150009552
5.6	0.124253206692738
5.7	0.125963130395072
5.8	0.140950297973427
5.9	0.139751353253066
6	0.140526300501659
6.1	0.143398055376448
6.2	0.136724378831453
6.3	0.154193657398026
6.4	0.143466825421047
6.5	0.139123000698644
6.6	0.153933284900247
6.7	0.152037543513328
6.8	0.144548933604695
6.9	0.134718207630509
7	0.128400198397276
7.1	0.132376705553458
7.2	0.128133867548428
7.3	0.111109973733065
7.4	0.130064885406356
7.5	0.121601880016131
7.6	0.132892496665071
7.7	0.142369194017273
7.8	0.120229065389748
7.9	0.108920988415386
8	0.109008098793946
8.1	0.117324750282845
8.2	0.124775667768623
8.3	0.126564812761968
8.4	0.128212497478702
8.5	0.115981898026415
8.6	0.135649166437717
8.7	0.121687859346052
8.8	0.117043134185805
8.9	0.121038544578864
9	0.122480996799166
9.1	0.121523442114589
9.2	0.126086313852589
9.3	0.117213732570633
9.4	0.128561690653867
9.5	0.121061131237745
9.6	0.129837036258134
9.7	0.139362236698132
9.8	0.129554064006285
9.9	0.136817919985076
10	0.135285436864108
10.1	0.12946224912407
10.2	0.130918344115566
10.3	0.136595414297741
10.4	0.159200367820044
10.5	0.166702968197272
10.6	0.18284859242426
10.7	0.20549477484927
10.8	0.250339999542183
10.9	0.232084732359888
11	0.255010776574736
11.1	0.297247224973947
11.2	0.316433781748947
11.3	0.302642963301788
11.4	0.306327376782165
11.5	0.306575929420608
11.6	0.251536740990904
11.7	0.230899823827325
11.8	0.196475711937809
11.9	0.161585526298495
12	0.152872000908862
12.1	0.139447646362323
12.2	0.119072898395262
12.3	0.158215961516513
12.4	0.141553253084429
12.5	0.207871754750724
12.6	0.247175533491017
12.7	0.274596496249224
12.8	0.302339251530197
12.9	0.368507664759677
13	0.406106948499671
13.1	0.494903661419927
13.2	0.55720929292992
13.3	0.672801066226108
13.4	0.711072275540234
13.5	0.764230664323711
13.6	0.763460098051527
13.7	0.757191207011813
13.8	0.761091792442228
13.9	0.757779609536817
14	0.743331578984745
14.1	0.720691396304287
14.2	0.666690534591038
14.3	0.640951824874014
14.4	0.636700992952425
14.5	0.590914649767831
14.6	0.591346109235945
14.7	0.586587938547633
14.8	0.571135636626082
14.9	0.607295348365801
15	0.671585701078897
15.1	0.738093823374537
15.2	0.768056384448311
15.3	0.743501419726095
15.4	0.882234671852201
15.5	0.910334548060316
15.6	0.864717306585988
15.7	0.877930043765209
15.8	0.866482873203036
15.9	0.907346072398477
16	0.761736480564494
16.1	0.828024175705651
16.2	0.719302672053274
16.3	0.764239280936638
16.4	0.649757973539713
16.5	0.694436306022681
16.6	0.547564666837818
16.7	0.634264932919616
16.8	0.561115783881828
16.9	0.568591266401028
17	0.526134468447991
17.1	0.60096227748192
17.2	0.562485950404032
17.3	0.55530722027655
17.4	0.560702155283014
17.5	0.568097919754546
17.6	0.574552869752156
17.7	0.549982283869119
17.8	0.543116666141064
17.9	0.554657471289661
18	0.555841093868862
18.1	0.545401711941824
18.2	0.536573445896275
18.3	0.534655989713767
18.4	0.536193985491653
18.5	0.549551349892065
18.6	0.529497964195147
18.7	0.52909450578057
18.8	0.526395418907262
18.9	0.520232527196869
19	0.526759263585139
19.1	0.520891505647124
19.2	0.545689324234128
19.3	0.506114218161096
19.4	0.512083192209255
19.5	0.502639973772711
19.6	0.528103099728262
19.7	0.543300520385842
19.8	0.553605616597559
19.9	0.519678843984728
20	0.5323641496237
20.1	0.512008063653408
20.2	0.51981708688075
20.3	0.526830462067696
20.4	0.51907116634159
20.5	0.523129039064237
20.6	0.53416271237598
20.7	0.556045949333999
20.8	0.542142345084099
20.9	0.538977529821627
21	0.537104333088211
21.1	0.551048455230991
21.2	0.546923806998667
21.3	0.530320583192653
21.4	0.547174659182768
21.5	0.53759814120846
21.6	0.528327687164665
21.7	0.546864110714366
21.8	0.545859386001291
21.9	0.528245262503757
22	0.531051676967385
22.1	0.524910009407811
22.2	0.510949563464292
22.3	0.524317418305483
22.4	0.51365838261366
22.5	0.524790390158109
22.6	0.526365785325953
22.7	0.505914178290127
22.8	0.528712948140253
22.9	0.522734616811427
23	0.501856167189826
23.1	0.52303314357069
23.2	0.543815256097636
23.3	0.518603425850762
23.4	0.524472651665549
23.5	0.531622002201605
23.6	0.540172824801919
23.7	0.545862101609689
23.8	0.540764569212901
23.9	0.552977081687708
24	0.550987282572851
24.1	0.557284055059099
24.2	0.551797069228976
24.3	0.544742947903516
24.4	0.54618323821082
24.5	0.551694807319428
24.6	0.539172265591692
24.7	0.528832176602572
24.8	0.515424801608831
24.9	0.541801644564412
25	0.49926170908854
25.1	0.501298441484136
25.2	0.50586204520544
25.3	0.498429231633428
25.4	0.492669290842431
25.5	0.503206553898676
25.6	0.486092797459769
25.7	0.514817697388992
25.8	0.502783756015051
25.9	0.527508268410039
26	0.534128074448927
26.1	0.527693769328817
26.2	0.540844295126814
26.3	0.571125117134603
26.4	0.571099831596577
26.5	0.577476571603079
26.6	0.575456650381622
26.7	0.561216179101725
26.8	0.581115372093916
26.9	0.596605224996111
27	0.586617765615191
27.1	0.61250119736925
27.2	0.604408219488112
27.3	0.619674560514457
27.4	0.605809214459132
27.5	0.619417385236185
27.6	0.621618709462676
27.7	0.607599488996285
27.8	0.594708906602326
27.9	0.606560900678609
28	0.639655753082091
28.1	0.616669391693233
28.2	0.621315640450394
28.3	0.598761040556965
28.4	0.595869208940454
28.5	0.612636247377165
28.6	0.611671916257562
28.7	0.604318099461927
28.8	0.611695733806286
28.9	0.591306023477896
29	0.619619453464026
29.1	0.619981767577021
29.2	0.627074399508958
29.3	0.622659176624186
29.4	0.640764542287383
29.5	0.680924975758106
29.6	0.680575243438527
29.7	0.70778964095572
29.8	0.769558665165332
29.9	0.805753918713964
30	0.875142178000514
30.1	0.908663222317144
30.2	0.925144056850796
30.3	0.952517675480843
30.4	0.996239444579963
30.5	1.01912254461223
30.6	1.04528611299504
30.7	1.13299258312813
30.8	1.230555046273
30.9	1.2910285724338
31	1.38124945612795
31.1	1.43930535154592
31.2	1.49561822215001
31.3	1.55467677481589
31.4	1.62319909342127
31.5	1.69501758716322
31.6	1.77113481149108
31.7	1.83386055708605
31.8	1.93030190168862
31.9	1.9647384842366
32	2.10196891145152
32.1	2.16122152725558
32.2	2.3073150398471
32.3	2.41814862994215
32.4	2.54485762294288
32.5	2.65813809560427
32.6	2.93423425151344
32.7	3.12758404928641
32.8	3.44610572176674
32.9	3.91196411850748
33	4.34653801665984
33.1	4.90750211276918
33.2	5.5242696471642
33.3	6.21136479412027
33.4	7.05755444480055
33.5	8.06175159488321
33.6	10
33.7	10
33.8	10
33.9	10
34	10
34.1	10
34.2	10
34.3	10
34.4	10
34.5	10
34.6	10
34.7	10
34.8	10
34.9	10
35	10
35.1	10
35.2	10
35.3	10
35.4	10
35.5	10
35.6	10
35.7	10
35.8	10
35.9	10
36	10
36.1	10
36.2	10
36.3	10
36.4	10
36.5	10
36.6	10
36.7	10
36.8	10
36.9	10
37	10
37.1	10
37.2	10
37.3	10
37.4	10
37.5	10
37.6	10
37.7	10
37.8	10
37.9	10
38	10
38.1	10
38.2	10
38.3	10
38.4	10
38.5	10
38.6	10
38.7	10
38.8	10
38.9	10
39	10
39.1	10
39.2	10
39.3	10
39.4	10
39.5	10
39.6	10
39.7	10
39.8	10
39.9	10
40	10
40.1	10
40.2	10
40.3	10
40.4	10
40.5	10
40.6	10
40.7	10
40.8	10
40.9	10
41	10
41.1	10
41.2	10
41.3	10
41.4	10
41.5	10
41.6	10
41.7	10
41.8	10
41.9	10
42	10
42.1	10
42.2	10
42.3	10
42.4	10
42.5	10
42.6	10
42.7	10
42.8	10
42.9	10
43	10
43.1	10
43.2	10
43.3	10
43.4	10
43.5	10
43.6	10
43.7	10
43.8	10
43.9	10
44	10
44.1	10
44.2	10
44.3	10
44.4	10
44.5	10
44.6	10
44.7	10
44.8	10
44.9	10
45	10
