0	0.0905039230692387
0.1	0.0521945285226907
0.2	0.0640269582219198
0.3	0.0462438324502524
0.4	0.0831198532952179
0.5	0.0495998494773091
0.6	0.073996332917823
0.7	0.0449491830781702
0.8	0.0684003779045989
0.9	0.0401683322318705
1	0.072274983381195
1.1	0.0934481538808279
1.2	0.0815165066457892
1.3	0.0626293666735333
1.4	0.0395656608695349
1.5	0.0613266716421934
1.6	0.0686094482019806
1.7	0.0704486008452794
1.8	0.0760672334504701
1.9	0.0613664554973837
2	0.0703751616228353
2.1	0.0889558510646772
2.2	0.0869540048419687
2.3	0.0671171504425462
2.4	0.0919213383234867
2.5	0.0739217039695474
2.6	0.0651770659514494
2.7	0.0758570109226869
2.8	0.0774553554631191
2.9	0.0886413395533296
3	0.0798467022628909
3.1	0.084801392126536
3.2	0.0769765712355168
3.3	0.0726474562619529
3.4	0.0854969242480929
3.5	0.0896635648299851
3.6	0.0623010091625532
3.7	0.0926726443779384
3.8	0.0818329440536512
3.9	0.0853487233748401
4	0.0861004619817269
4.1	0.0856629975228303
4.2	0.0896123290834328
4.3	0.0843050878257589
4.4	0.0944840827574984
4.5	0.0858078758968476
4.6	0.0894049431481561
4.7	0.0794922562597109
4.8	0.107919996777602
4.9	0.0657227176192172
5	0.0888134661452813
5.1	0.0819650758421421
5.2	0.092589711755674
5.3	0.114578317288116
5.4	0.0703223924733481
5.5	0.099485817077989
5.6	0.0841443554772838
5.7	0.106577943082615
5.8	0.0938532748275504
5.9	0.102666746267555
6	0.109764493554464
6.1	0.123207935756906
6.2	0.126860945935471
6.3	0.128632095538697
6.4	0.124971209964657
6.5	0.112074237520487
6.6	0.138216832585705
6.7	0.113659917986677
6.8	0.124916428546161
6.9	0.140951055181721
7	0.135936748272252
7.1	0.137413002511617
7.2	0.129010211513898
7.3	0.114458126910906
7.4	0.119388363391975
7.5	0.122740731321355
7.6	0.112474613270908
7.7	0.0971322842330383
7.8	0.119587157311229
7.9	0.108775112130436
8	0.119606814143258
8.1	0.124154099257174
8.2	0.110721843266201
8.3	0.093017322895294
8.4	0.0981777233786505
8.5	0.0878062656026697
8.6	0.111027225764395
8.7	0.114704895027089
8.8	0.111339017278011
8.9	0.125865966409603
9	0.106051589631707
9.1	0.0965416057670881
9.2	0.120346257244973
9.3	0.108382817113609
9.4	0.107540380745257
9.5	0.109351028798793
9.6	0.105129653559346
9.7	0.105788969767977
9.8	0.10087482123531
9.9	0.115267057820106
10	0.107152056210364
10.1	0.109894100138443
10.2	0.122691333706203
10.3	0.119927548767928
10.4	0.116587409172671
10.5	0.124401898985772
10.6	0.12276869036108
10.7	0.136655262704288
10.8	0.127223183035093
10.9	0.150786523711446
11	0.191324811369304
11.1	0.260871602290185
11.2	0.243810349182948
11.3	0.29981814341476
11.4	0.32639736514562
11.5	0.299511065717083
11.6	0.314990191740905
11.7	0.349855152505825
11.8	0.365346800149641
11.9	0.35395180905569
12	0.345431604642233
12.1	0.355266523267081
12.2	0.309903314057953
12.3	0.28903924301352
12.4	0.247620636440269
12.5	0.212250783918769
12.6	0.197546671829904
12.7	0.196824681873421
12.8	0.165592088226609
12.9	0.160383229401562
13	0.216679390711459
13.1	0.235807723306742
13.2	0.319551529365743
13.3	0.37340461029594
13.4	0.455200934574313
13.5	0.503824560921729
13.6	0.606061508253275
13.7	0.633354399425908
13.8	0.730510129708069
13.9	0.808602796693384
14	0.938152475979518
14.1	0.99018808148781
14.2	1.05046880974654
14.3	1.01590941110744
14.4	1.01974093520952
14.5	0.971062632177159
14.6	0.920642726446678
14.7	0.850954255754843
14.8	0.810335382723609
14.9	0.72828925367756
15	0.658245442302565
15.1	0.61411757821002
15.2	0.587259279136519
15.3	0.536197441026336
15.4	0.530299347565052
15.5	0.534599136037375
15.6	0.516356985842717
15.7	0.535456009284596
15.8	0.589634968948781
15.9	0.621452073010327
16	0.655406162762103
16.1	0.664371880180662
16.2	0.756189968759111
16.3	0.760541242282816
16.4	0.720169359807333
16.5	0.712435290363184
16.6	0.697910935362538
16.7	0.750956623030379
16.8	0.718888997100326
16.9	0.671057914401808
17	0.66618495156668
17.1	0.608447185021573
17.2	0.659766665809286
17.3	0.589242801455685
17.4	0.653189366995061
17.5	0.556284065823603
17.6	0.606051939782057
17.7	0.541630368344426
17.8	0.55768468070544
17.9	0.503773576630269
18	0.597139111820351
18.1	0.568147801218585
18.2	0.546916913394011
18.3	0.571719097023119
18.4	0.549529952775029
18.5	0.560718163384054
18.6	0.56673390317169
18.7	0.54959414616058
18.8	0.554516313725437
18.9	0.564242771894643
19	0.559198659199591
19.1	0.55030259081617
19.2	0.525144519599817
19.3	0.535620546768245
19.4	0.536124319832927
19.5	0.539625867219337
19.6	0.539780769730364
19.7	0.53400157577542
19.8	0.529099707608939
19.9	0.514646588368132
20	0.524959302867504
20.1	0.517048381803665
20.2	0.52923833368495
20.3	0.531581937800826
20.4	0.511784308237187
20.5	0.507912236804318
20.6	0.521393569840211
20.7	0.518657055630783
20.8	0.530397230239175
20.9	0.508589517889414
21	0.514238171749506
21.1	0.512220078210511
21.2	0.486277208169435
21.3	0.518091032931043
21.4	0.519410838232351
21.5	0.490699046571601
21.6	0.493069296805038
21.7	0.492151597565799
21.8	0.507481547440549
21.9	0.519842497253467
22	0.500902380565564
22.1	0.52768866283834
22.2	0.526565592734654
22.3	0.531480053858243
22.4	0.518692413651926
22.5	0.518756021827059
22.6	0.508653075173889
22.7	0.524902592109827
22.8	0.497372867154272
22.9	0.521175375386377
23	0.504059280905339
23.1	0.487218146533721
23.2	0.509220695474869
23.3	0.515727301566684
23.4	0.520502076701667
23.5	0.525955191310445
23.6	0.521200865631801
23.7	0.528937616739229
23.8	0.525842920355048
23.9	0.488772347565555
24	0.514971860195126
24.1	0.521958617170104
24.2	0.502976439485297
24.3	0.508547909603192
24.4	0.509243020869832
24.5	0.500647897681825
24.6	0.501788585260839
24.7	0.515446950808163
24.8	0.526687194924687
24.9	0.528045704655236
25	0.516308549756368
25.1	0.514568866082693
25.2	0.511330361698207
25.3	0.511846424249548
25.4	0.514565322773974
25.5	0.507423827090567
25.6	0.497385404519382
25.7	0.505186491900769
25.8	0.511098659664915
25.9	0.502170775521666
26	0.481176715810286
26.1	0.489146303921269
26.2	0.484815663675382
26.3	0.494172780128235
26.4	0.463503404002867
26.5	0.497862685041288
26.6	0.476268873967226
26.7	0.485907114758234
26.8	0.498521489073073
26.9	0.494747317107455
27	0.488656724433022
27.1	0.529317432748497
27.2	0.510387250034053
27.3	0.542586272574253
27.4	0.548422336231786
27.5	0.522224037738102
27.6	0.53782692212159
27.7	0.540169005813967
27.8	0.533629418526354
27.9	0.546718351017088
28	0.537132261763535
28.1	0.521850949203139
28.2	0.523456764843135
28.3	0.537685296890163
28.4	0.542368481728034
28.5	0.549096418549085
28.6	0.560368409984935
28.7	0.566909518857325
28.8	0.574018365726873
28.9	0.566128214164444
29	0.576537562848105
29.1	0.566030079113438
29.2	0.557207325416133
29.3	0.535692278208897
29.4	0.552742212146877
29.5	0.584615217903152
29.6	0.58203977935241
29.7	0.592767090392274
29.8	0.556414819601578
29.9	0.5428116748542
30	0.54972094300614
30.1	0.564596875840486
30.2	0.5779480130091
30.3	0.572672735672842
30.4	0.610549710081158
30.5	0.582377746726962
30.6	0.613437339921201
30.7	0.618857224867363
30.8	0.624682311409862
30.9	0.623134867450605
31	0.637856565458156
31.1	0.673184719712531
31.2	0.679092519620996
31.3	0.68284678974362
31.4	0.730250025168491
31.5	0.736234016302269
31.6	0.791933111123215
31.7	0.79612652175966
31.8	0.78528618667341
31.9	0.796286292989599
32	0.843708664747622
32.1	0.867432762757559
32.2	0.871159647061332
32.3	0.96509993259888
32.4	1.07845172690361
32.5	1.16397671452004
32.6	1.23240361386769
32.7	1.34636558037207
32.8	1.4048978762209
32.9	1.47266811999547
33	1.50792477072867
33.1	1.57119937579561
33.2	1.64217928023179
33.3	1.71994649328619
33.4	1.78833255436865
33.5	1.86821939396686
33.6	1.8917065868765
33.7	2.01915178009237
33.8	2.09403026743667
33.9	2.23683929405315
34	2.33191665947825
34.1	2.44736605388737
34.2	2.56366074750905
34.3	2.72709678608437
34.4	2.92604561626133
34.5	3.16888415370852
34.6	3.53559775628871
34.7	3.99070006414574
34.8	4.4330173886798
34.9	5.01367477675218
35	5.62992251101189
35.1	6.28413809605367
35.2	7.15193145903724
35.3	8.10277924389601
35.4	10
35.5	10
35.6	10
35.7	10
35.8	10
35.9	10
36	10
36.1	10
36.2	10
36.3	10
36.4	10
36.5	10
36.6	10
36.7	10
36.8	10
36.9	10
37	10
37.1	10
37.2	10
37.3	10
37.4	10
37.5	10
37.6	10
37.7	10
37.8	10
37.9	10
38	10
38.1	10
38.2	10
38.3	10
38.4	10
38.5	10
38.6	10
38.7	10
38.8	10
38.9	10
39	10
39.1	10
39.2	10
39.3	10
39.4	10
39.5	10
39.6	10
39.7	10
39.8	10
39.9	10
40	10
40.1	10
40.2	10
40.3	10
40.4	10
40.5	10
40.6	10
40.7	10
40.8	10
40.9	10
41	10
41.1	10
41.2	10
41.3	10
41.4	10
41.5	10
41.6	10
41.7	10
41.8	10
41.9	10
42	10
42.1	10
42.2	10
42.3	10
42.4	10
42.5	10
42.6	10
42.7	10
42.8	10
42.9	10
43	10
43.1	10
43.2	10
43.3	10
43.4	10
43.5	10
43.6	10
43.7	10
43.8	10
43.9	10
44	10
44.1	10
44.2	10
44.3	10
44.4	10
44.5	10
44.6	10
44.7	10
44.8	10
44.9	10
45	10
