0	0.0725311520850658
0.1	0.0168930169244323
0.2	0.0368568761054533
0.3	0.0142115420674426
0.4	0.0322574089263167
0.5	0.0321318409687281
0.6	0.0274420179288728
0.7	0.0489083108988404
0.8	0.0184553142731531
0.9	0.0294969114756158
1	0.00572899725364784
1.1	0.0471107071836506
1.2	0.0535487321879182
1.3	0.0648315887591669
1.4	0.0356830798321963
1.5	0.0132669978880457
1.6	0.0287328119797366
1.7	0.0263774721722092
1.8	0.0394843200187172
1.9	0.0314386400607442
2	0.0544312034308059
2.1	0.0320922129079699
2.2	0.0336178522036757
2.3	0.0650560188068449
2.4	0.0510677838379996
2.5	0.0409243855318427
2.6	0.0331554034467254
2.7	0.0639824447587132
2.8	0.0384058337140084
2.9	0.038555430066245
3	0.0494650402300274
3.1	0.0421802963125492
3.2	0.0537432804151944
3.3	0.042496822322905
3.4	0.0489925109629546
3.5	0.0462487093900144
3.6	0.0577188933159624
3.7	0.0355079371643492
3.8	0.0632255767214723
3.9	0.0560305136542661
4	0.0394154263550894
4.1	0.0636340814803967
4.2	0.0576951958149672
4.3	0.0534134220483472
4.4	0.0682747056045702
4.5	0.0470494576118461
4.6	0.0644427068947892
4.7	0.054788949969496
4.8	0.0517312294239658
4.9	0.0762315663215519
5	0.0565111889252493
5.1	0.0656643164546999
5.2	0.0502609693677082
5.3	0.0835215275026858
5.4	0.0514063477912972
5.5	0.0565520786482095
5.6	0.0347520924007892
5.7	0.0558449252256965
5.8	0.048690072205024
5.9	0.0918418932814047
6	0.035261346108232
6.1	0.0622799241655213
6.2	0.0496596109434963
6.3	0.0704812110961975
6.4	0.0630335855122975
6.5	0.0746012802437586
6.6	0.0667269090944526
6.7	0.0868977110179194
6.8	0.0983380463226777
6.9	0.0969352596916151
7	0.0923015271207691
7.1	0.0869144400319457
7.2	0.0827204306435585
7.3	0.0943989793731697
7.4	0.0988400176079784
7.5	0.0918976852165588
7.6	0.0775619413349454
7.7	0.105795977904051
7.8	0.104526078525569
7.9	0.110315585670248
8	0.0938193931720938
8.1	0.0879426429569509
8.2	0.0874317191968645
8.3	0.0764438188057502
8.4	0.0879394901114702
8.5	0.0618707936214975
8.6	0.0816486132754171
8.7	0.0804206130379228
8.8	0.076920675062963
8.9	0.0887616471769128
9	0.0875802853064663
9.1	0.0789711194219442
9.2	0.0769196589624027
9.3	0.0672896916048869
9.4	0.0656249771301236
9.5	0.0902617606968327
9.6	0.0795566242064748
9.7	0.0741928790544827
9.8	0.0880334965994956
9.9	0.106476716501841
10	0.0924931994229986
10.1	0.0826949248119445
10.2	0.107389868701866
10.3	0.0983313205418417
10.4	0.0942194169488972
10.5	0.0998648030361534
10.6	0.0924519874569348
10.7	0.105756885858901
10.8	0.0799040803259615
10.9	0.102606855459139
11	0.116132341951345
11.1	0.120008990927339
11.2	0.117771025692821
11.3	0.138020859528301
11.4	0.143719171154946
11.5	0.131611459137414
11.6	0.154151921077796
11.7	0.155870786960008
11.8	0.167573452260047
11.9	0.190976690741107
12	0.19380827056195
12.1	0.228539362919726
12.2	0.28960055016699
12.3	0.416072994425723
12.4	0.443893265174628
12.5	0.475958433855794
12.6	0.517095954478085
12.7	0.500554123202521
12.8	0.487072923088585
12.9	0.509326109470363
13	0.539114481209517
13.1	0.578316096140699
13.2	0.599403936169064
13.3	0.592766232229248
13.4	0.636264262366188
13.5	0.659913719192531
13.6	0.626954175971002
13.7	0.607758596625419
13.8	0.572088358025997
13.9	0.54995434191012
14	0.536899104431272
14.1	0.534706087771164
14.2	0.538517898508481
14.3	0.496044041785981
14.4	0.544344716102906
14.5	0.496102943665386
14.6	0.592200292295984
14.7	0.640699751922785
14.8	0.669559817081945
14.9	0.726384655055724
15	0.733176973881721
15.1	0.807021679159981
15.2	0.785761546155597
15.3	0.805088941646369
15.4	0.837484783329666
15.5	0.869191932140056
15.6	0.925431801535999
15.7	0.928987108767543
15.8	0.939368511811282
15.9	0.884062008275581
16	0.865380026493584
16.1	0.811491911111623
16.2	0.770381935807424
16.3	0.733775698321674
16.4	0.71660770809429
16.5	0.689829725388278
16.6	0.653630880864241
16.7	0.645647822850703
16.8	0.64550580935061
16.9	0.628137088156243
17	0.604227787800865
17.1	0.611201805010409
17.2	0.619033877079316
17.3	0.606427070291793
17.4	0.592305467153713
17.5	0.598147111573592
17.6	0.635257547412046
17.7	0.630014493460778
17.8	0.627836616751094
17.9	0.65157324159251
18	0.637045867190575
18.1	0.625729054658892
18.2	0.59128788091734
18.3	0.605817865454219
18.4	0.597634650457672
18.5	0.605769977845538
18.6	0.6333011389634
18.7	0.580652850883971
18.8	0.618858855342993
18.9	0.590701382738539
19	0.558378196945547
19.1	0.587070435421667
19.2	0.566325331305053
19.3	0.612946304829338
19.4	0.562055073991577
19.5	0.62929377246332
19.6	0.579838305849507
19.7	0.559257447936655
19.8	0.571980931707651
19.9	0.551666293720541
20	0.611983224897342
20.1	0.583644211404407
20.2	0.572678077452153
20.3	0.6016820094591
20.4	0.580138780604399
20.5	0.573455841863475
20.6	0.581074214237822
20.7	0.5601635701816
20.8	0.554042282342145
20.9	0.56639332311908
21	0.556767700359449
21.1	0.566723958228289
21.2	0.554461673367023
21.3	0.536573779785087
21.4	0.543569517396151
21.5	0.559830977532199
21.6	0.579084207405334
21.7	0.577231124015144
21.8	0.586496549088592
21.9	0.582752332171706
22	0.583026167476795
22.1	0.577007071732572
22.2	0.595842770896851
22.3	0.570266481645081
22.4	0.565463983834088
22.5	0.541072424723618
22.6	0.515297953247236
22.7	0.533559072229138
22.8	0.53745325850342
22.9	0.543779354244785
23	0.523366364730799
23.1	0.540220122873243
23.2	0.512428651898333
23.3	0.515583375723622
23.4	0.520083903921769
23.5	0.498216408098096
23.6	0.501717809176062
23.7	0.519697618152818
23.8	0.51815093576856
23.9	0.512396189292535
24	0.53081136834285
24.1	0.512837814959575
24.2	0.526206116199392
24.3	0.529486739882904
24.4	0.499703687441561
24.5	0.51055692562554
24.6	0.510854794868832
24.7	0.512396428771562
24.8	0.504397669657804
24.9	0.491269785911988
25	0.501537878044603
25.1	0.49146124396484
25.2	0.512987190744952
25.3	0.507034766675872
25.4	0.547694654223201
25.5	0.533642286133162
25.6	0.516677890126194
25.7	0.516743924497435
25.8	0.523473452781449
25.9	0.530954951576104
26	0.51834366125886
26.1	0.528072355197324
26.2	0.521861678169898
26.3	0.533268653994157
26.4	0.52742247336541
26.5	0.514969924299324
26.6	0.514909819869399
26.7	0.51875430814304
26.8	0.513856319779073
26.9	0.515978131947507
27	0.517686777443439
27.1	0.521780440982463
27.2	0.505377218358688
27.3	0.50978722254172
27.4	0.51009929396344
27.5	0.528050898967606
27.6	0.531004168248134
27.7	0.519941410114606
27.8	0.517817353535683
27.9	0.52589866049485
28	0.50568224344939
28.1	0.516518216129507
28.2	0.511530141183992
28.3	0.536280286061309
28.4	0.501042663586517
28.5	0.518386309763889
28.6	0.522831624971979
28.7	0.532621734794583
28.8	0.521414038652905
28.9	0.511055419511555
29	0.515482023982447
29.1	0.530779412217016
29.2	0.532102213314581
29.3	0.498665981919208
29.4	0.530758440579898
29.5	0.518330724785603
29.6	0.503797901725386
29.7	0.495812451404248
29.8	0.495838610173102
29.9	0.486996288572465
30	0.481156660409217
30.1	0.519171837846954
30.2	0.488398029992783
30.3	0.514976268046275
30.4	0.520487332697553
30.5	0.504829819090313
30.6	0.501512160923321
30.7	0.512614350383556
30.8	0.506012321814895
30.9	0.509804355520343
31	0.504177529378289
31.1	0.494401890685111
31.2	0.483529224261067
31.3	0.488786000466945
31.4	0.479651630956658
31.5	0.489376034671571
31.6	0.504399999230536
31.7	0.49798162301854
31.8	0.50987854785998
31.9	0.536909139450989
32	0.522672805373851
32.1	0.514404626841641
32.2	0.523369489523359
32.3	0.520201688656502
32.4	0.494930355678423
32.5	0.503804410722462
32.6	0.519241720006455
32.7	0.536529569988389
32.8	0.548304249360647
32.9	0.543118341011665
33	0.53429884873256
33.1	0.516225244638781
33.2	0.504320493652095
33.3	0.512524100647356
33.4	0.513312402026057
33.5	0.527490336391745
33.6	0.513904080516994
33.7	0.544313468791013
33.8	0.556217396841146
33.9	0.572479113882146
34	0.595175889245187
34.1	0.594838005015213
34.2	0.597744947652007
34.3	0.596972902351151
34.4	0.600289080166124
34.5	0.630482457426633
34.6	0.627603406758026
34.7	0.637633541144992
34.8	0.630008593682575
34.9	0.657606485665681
35	0.662682945957668
35.1	0.689825658208427
35.2	0.68146863508778
35.3	0.634699591368597
35.4	0.635292370312427
35.5	0.687790873745019
35.6	0.692917926816685
35.7	0.740785031602681
35.8	0.775863288497582
35.9	0.877850226040333
36	0.916685562686749
36.1	0.976564780375244
36.2	1.0389760864714
36.3	1.13105093182137
36.4	1.18837304591179
36.5	1.28585770088272
36.6	1.33632777372729
36.7	1.3552235166926
36.8	1.39894108393312
36.9	1.45895144548906
37	1.54121463623439
37.1	1.54890687538385
37.2	1.59510479763031
37.3	1.58220242149421
37.4	1.68900657845838
37.5	1.7288141062057
37.6	1.83129524837647
37.7	1.97605828923046
37.8	2.09541868193746
37.9	2.23759624981582
38	2.36417334431325
38.1	2.58987077613779
38.2	2.80656838373439
38.3	3.02356261243446
38.4	3.32567841406464
38.5	3.71738034561157
38.6	4.05299501063483
38.7	4.48157210628135
38.8	4.98382772846851
38.9	5.72004438084605
39	6.35791179939286
39.1	7.26664978236001
39.2	8.10993952225327
39.3	10
39.4	10
39.5	10
39.6	10
39.7	10
39.8	10
39.9	10
40	10
40.1	10
40.2	10
40.3	10
40.4	10
40.5	10
40.6	10
40.7	10
40.8	10
40.9	10
41	10
41.1	10
41.2	10
41.3	10
41.4	10
41.5	10
41.6	10
41.7	10
41.8	10
41.9	10
42	10
42.1	10
42.2	10
42.3	10
42.4	10
42.5	10
42.6	10
42.7	10
42.8	10
42.9	10
43	10
43.1	10
43.2	10
43.3	10
43.4	10
43.5	10
43.6	10
43.7	10
43.8	10
43.9	10
44	10
44.1	10
44.2	10
44.3	10
44.4	10
44.5	10
44.6	10
44.7	10
44.8	10
44.9	10
45	10
