0	0.076716571560502
0.1	0.0164521194495261
0.2	0.0357667599208653
0.3	0.017533570227027
0.4	0.0269707124471665
0.5	0.038634629342705
0.6	0.0250367022827268
0.7	0.0545957225054502
0.8	0.0142022486060858
0.9	0.0263339717488736
1	0.00973636277914042
1.1	0.0467731142852455
1.2	0.0451687292069197
1.3	0.0594004892703146
1.4	0.0409620704121888
1.5	0.0233816187024116
1.6	0.0142156722247601
1.7	0.0251733572952449
1.8	0.0280325767681003
1.9	0.0416091551631688
2	0.0416795803397895
2.1	0.0365416609890758
2.2	0.0293517490208149
2.3	0.0431575727086514
2.4	0.0542657199442387
2.5	0.0384285789474844
2.6	0.036055714045465
2.7	0.0495655421487988
2.8	0.0511756228148938
2.9	0.0298399475518614
3	0.0445082272276283
3.1	0.0370664844427257
3.2	0.0536395048975946
3.3	0.0474758112136275
3.4	0.0431374752894044
3.5	0.0472265076775104
3.6	0.0458101069509984
3.7	0.0509725326433777
3.8	0.0435491455614568
3.9	0.0694063636071981
4	0.0495954190313815
4.1	0.0466571701727807
4.2	0.0621259786978364
4.3	0.0566687703512609
4.4	0.0593654736280443
4.5	0.063019116456434
4.6	0.0448126179009676
4.7	0.0604712597489356
4.8	0.052723217985034
4.9	0.0501654124189167
5	0.0746190434448422
5.1	0.0529312714207918
5.2	0.0629760203823448
5.3	0.0508077728103844
5.4	0.0823956192091111
5.5	0.0532161218486721
5.6	0.0468273454546927
5.7	0.0397455230362708
5.8	0.0481957211211324
5.9	0.0601691909845912
6	0.0724791190847755
6.1	0.032345158319175
6.2	0.0595344878226519
6.3	0.0558757889129221
6.4	0.0657851069629194
6.5	0.0535222897917033
6.6	0.0735076255396008
6.7	0.0703631404466926
6.8	0.0808269151911139
6.9	0.0939511202879251
7	0.0973491162441671
7.1	0.0925344641309231
7.2	0.0818937220275402
7.3	0.0844890982624144
7.4	0.0834463392466307
7.5	0.112922658567317
7.6	0.0722408055648209
7.7	0.0852286808315663
7.8	0.0942597513303164
7.9	0.0950509377293287
8	0.10441708227694
8.1	0.0977706912498921
8.2	0.08925390265733
8.3	0.0834556599594652
8.4	0.0788125791624186
8.5	0.0808553969725967
8.6	0.0819637317493557
8.7	0.0591054302293805
8.8	0.0842874923348428
8.9	0.070155596796423
9	0.0805059862986209
9.1	0.0846576794568449
9.2	0.0915784834444522
9.3	0.0691756055109197
9.4	0.0772175332568584
9.5	0.0667964135095477
9.6	0.0632667966008186
9.7	0.0941819073535503
9.8	0.081187733707577
9.9	0.0715627667069434
10	0.0843136228218677
10.1	0.107162934806198
10.2	0.0923393650207673
10.3	0.0910800629353144
10.4	0.106635328301788
10.5	0.100241847104579
10.6	0.0980700286433098
10.7	0.0961636475745586
10.8	0.0952548104166984
10.9	0.100693812707067
11	0.1009412838459
11.1	0.101338521429896
11.2	0.119902999225259
11.3	0.132998077377491
11.4	0.131048674407974
11.5	0.147024959036894
11.6	0.15434109037891
11.7	0.149459899778664
11.8	0.159006463089958
11.9	0.173871097293682
12	0.171802430680394
12.1	0.20035878256103
12.2	0.213110323720239
12.3	0.223890051613824
12.4	0.28573667158417
12.5	0.39758331553843
12.6	0.513118510287256
12.7	0.493138558462635
12.8	0.548522885969282
12.9	0.568262275111675
13	0.537992681114375
13.1	0.557903630212322
13.2	0.608556383486092
13.3	0.62457887636423
13.4	0.672035010223835
13.5	0.66908582172878
13.6	0.686680053551495
13.7	0.719712700435519
13.8	0.711281133710498
13.9	0.689393753100395
14	0.672891371717397
14.1	0.666471114217676
14.2	0.651048809570819
14.3	0.628048656010626
14.4	0.598657989317179
14.5	0.589543228062242
14.6	0.537322425311804
14.7	0.575845753943176
14.8	0.504452747032047
14.9	0.57668003609702
15	0.603612558130176
15.1	0.615566108493507
15.2	0.649856869637222
15.3	0.643711187280901
15.4	0.709092038625667
15.5	0.706356651069131
15.6	0.744413696360589
15.7	0.790749325925112
15.8	0.82359855092764
15.9	0.909601825074106
16	0.891287451457978
16.1	0.913458826094866
16.2	0.864645020136237
16.3	0.864836134861781
16.4	0.835228379498422
16.5	0.804360724489763
16.6	0.774653408385812
16.7	0.74342431576401
16.8	0.736913510459661
16.9	0.706618854344077
17	0.699688883476704
17.1	0.689249000375718
17.2	0.690102130669355
17.3	0.640472598940786
17.4	0.639813726608455
17.5	0.639696782327537
17.6	0.644416080495716
17.7	0.627272072394751
17.8	0.622124112913758
17.9	0.656533194589242
18	0.636132143185287
18.1	0.65326263267789
18.2	0.634215292770416
18.3	0.69874758811407
18.4	0.592669764086604
18.5	0.628738740721996
18.6	0.60883926087413
18.7	0.631098460783809
18.8	0.617878304022923
18.9	0.633874703299347
19	0.634183660177514
19.1	0.58567820259575
19.2	0.638520800623298
19.3	0.607822803083806
19.4	0.574547709594248
19.5	0.60575041217925
19.6	0.586716255486011
19.7	0.632975044514333
19.8	0.580359806934277
19.9	0.641348769634404
20	0.584495489663304
20.1	0.563188755105709
20.2	0.562612480316869
20.3	0.540195264144058
20.4	0.611400145803765
20.5	0.59631780782342
20.6	0.577906217428995
20.7	0.611770745745999
20.8	0.602361527857184
20.9	0.59400587076894
21	0.601359438830614
21.1	0.60189238773533
21.2	0.58636352216769
21.3	0.604596876228554
21.4	0.595647442915617
21.5	0.599193238376197
21.6	0.583262632164545
21.7	0.57888356114938
21.8	0.574548628434678
21.9	0.586992701361864
22	0.593723736229259
22.1	0.588659695798252
22.2	0.59249096063571
22.3	0.596689480045624
22.4	0.598680483348668
22.5	0.597141537329275
22.6	0.620904715171783
22.7	0.564892746772779
22.8	0.57381869375892
22.9	0.572366500941105
23	0.559650273312815
23.1	0.523427286218479
23.2	0.544490632396936
23.3	0.544501598455012
23.4	0.5413426507039
23.5	0.53291002701819
23.6	0.555497303267569
23.7	0.510203732344415
23.8	0.529615573777538
23.9	0.525165694847704
24	0.496832990026474
24.1	0.51494604319241
24.2	0.531459424252622
24.3	0.51557579200575
24.4	0.526090305405483
24.5	0.543292575395945
24.6	0.529957005347312
24.7	0.550225443400721
24.8	0.552482422406972
24.9	0.521363025843166
25	0.53612062232811
25.1	0.523238721510209
25.2	0.534639659145568
25.3	0.532348786262469
25.4	0.533038852995587
25.5	0.531973622996919
25.6	0.52278174906075
25.7	0.545680433003325
25.8	0.530236596883461
25.9	0.55873454153221
26	0.551080847509391
26.1	0.526942670503073
26.2	0.517813110487722
26.3	0.517746525768936
26.4	0.514004685467108
26.5	0.526949172040774
26.6	0.515442480292358
26.7	0.54231270310795
26.8	0.523243632115797
26.9	0.543919405434281
27	0.529591796846501
27.1	0.5222627740575
27.2	0.540081672266125
27.3	0.529913653517328
27.4	0.519673062878288
27.5	0.524245035036374
27.6	0.519320418836549
27.7	0.524617391664721
27.8	0.508783705684916
27.9	0.519681554698758
28	0.53274899276495
28.1	0.537911922031688
28.2	0.547347252113372
28.3	0.53396058331402
28.4	0.537939596832916
28.5	0.544983055061427
28.6	0.529505413535797
28.7	0.535154888625397
28.8	0.536041907955334
28.9	0.548416451386085
29	0.522110804282757
29.1	0.535207993269422
29.2	0.540574146724306
29.3	0.550064343107677
29.4	0.536705865917541
29.5	0.516642930334922
29.6	0.520914562015422
29.7	0.537910266243409
29.8	0.543725575050362
29.9	0.516055772469065
30	0.551586280787853
30.1	0.54290314768779
30.2	0.5239507346306
30.3	0.517368989049271
30.4	0.522145751203596
30.5	0.508531797325797
30.6	0.494464426432177
30.7	0.53279968737429
30.8	0.499472363669425
30.9	0.507868535022158
31	0.520806410183013
31.1	0.521011052501946
31.2	0.515149655982107
31.3	0.526278316797968
31.4	0.531383684969508
31.5	0.527016435357789
31.6	0.526138350766152
31.7	0.513831098009832
31.8	0.500132112551574
31.9	0.505016538091889
32	0.490541060619056
32.1	0.493939736075234
32.2	0.506770822258503
32.3	0.493603765068309
32.4	0.526195211891457
32.5	0.520995251468607
32.6	0.535371269018016
32.7	0.51261652383669
32.8	0.520796062442341
32.9	0.512716239409708
33	0.497403392089531
33.1	0.524159685611409
33.2	0.502030708448683
33.3	0.518170798766171
33.4	0.533329254504153
33.5	0.533660991564742
33.6	0.538393754937499
33.7	0.521864909187284
33.8	0.540239390307106
33.9	0.506214113983884
34	0.52035106116645
34.1	0.520630089908559
34.2	0.526116775201262
34.3	0.523675980286672
34.4	0.546530167651176
34.5	0.541008460011892
34.6	0.561111029828527
34.7	0.564276837153965
34.8	0.564788288954644
34.9	0.566273248981172
35	0.562948739160156
35.1	0.584926302449026
35.2	0.605310178260507
35.3	0.601717198690819
35.4	0.618362104695336
35.5	0.60744057861676
35.6	0.627804039536975
35.7	0.624887409813458
35.8	0.653396367365279
35.9	0.659344347445903
36	0.61945268099345
36.1	0.630871185196749
36.2	0.659752533377708
36.3	0.679196431606635
36.4	0.728097109269352
36.5	0.748830524638668
36.6	0.83150701284744
36.7	0.878853754278085
36.8	0.9216479026407
36.9	0.972701305273548
37	1.04063450057544
37.1	1.08470352622308
37.2	1.13989160977975
37.3	1.2252364050081
37.4	1.23911688087434
37.5	1.30566466289051
37.6	1.31580263425112
37.7	1.3982733941555
37.8	1.43074173167646
37.9	1.46869728693366
38	1.50461057032347
38.1	1.56224702068418
38.2	1.66562065945565
38.3	1.70474700704813
38.4	1.83465554795265
38.5	1.96089154112041
38.6	2.09479072637558
38.7	2.24186067762673
38.8	2.37607516889274
38.9	2.6168649672389
39	2.81621625601649
39.1	3.03358589770198
39.2	3.33474181435705
39.3	3.70756602962762
39.4	4.02478893259168
39.5	4.44443585340381
39.6	4.9271829556644
39.7	5.68870215268024
39.8	6.34201370117215
39.9	7.24572575852572
40	8.07311637601852
40.1	10
40.2	10
40.3	10
40.4	10
40.5	10
40.6	10
40.7	10
40.8	10
40.9	10
41	10
41.1	10
41.2	10
41.3	10
41.4	10
41.5	10
41.6	10
41.7	10
41.8	10
41.9	10
42	10
42.1	10
42.2	10
42.3	10
42.4	10
42.5	10
42.6	10
42.7	10
42.8	10
42.9	10
43	10
43.1	10
43.2	10
43.3	10
43.4	10
43.5	10
43.6	10
43.7	10
43.8	10
43.9	10
44	10
44.1	10
44.2	10
44.3	10
44.4	10
44.5	10
44.6	10
44.7	10
44.8	10
44.9	10
45	10
