0	0.120542471817732
0.1	0.05128131523215
0.2	0.0621270518911654
0.3	0.0596505676409121
0.4	0.052771420096159
0.5	0.0836191232883546
0.6	0.0499387391802188
0.7	0.0836927554022497
0.8	0.0770230090782335
0.9	0.0598855629815017
1	0.0579943908464524
1.1	0.0557930028628342
1.2	0.0820220712466393
1.3	0.0788368065487954
1.4	0.0896445130800816
1.5	0.085586974633586
1.6	0.073267259572206
1.7	0.0415501102470775
1.8	0.0633856911653857
1.9	0.057860622043475
2	0.0761738587271784
2.1	0.0660760647349779
2.2	0.0931993438594189
2.3	0.0699046622791983
2.4	0.0644222584747499
2.5	0.0726331432329071
2.6	0.0826611937394834
2.7	0.0653159435533323
2.8	0.0678783789508189
2.9	0.0866518048535432
3	0.0891121244333636
3.1	0.0771814389073848
3.2	0.0777765337010738
3.3	0.0835090723131933
3.4	0.056770298721598
3.5	0.0906227299243212
3.6	0.0736219439528834
3.7	0.0753926739953411
3.8	0.0800457123328024
3.9	0.0886715269483097
4	0.094398055407001
4.1	0.077871800416708
4.2	0.0987224102298677
4.3	0.0923616740960074
4.4	0.0726658232953087
4.5	0.0979140900939129
4.6	0.0943602007156802
4.7	0.0952126507115557
4.8	0.105472228835821
4.9	0.0927597216410212
5	0.0818836900404576
5.1	0.0868334106243426
5.2	0.0854780909690935
5.3	0.0898646677501932
5.4	0.10113898739261
5.5	0.0879462673099385
5.6	0.0910752324110462
5.7	0.104324641344797
5.8	0.0915653646532568
5.9	0.104667714215767
6	0.0658071361677104
6.1	0.103171035654045
6.2	0.0705123368895055
6.3	0.0896367549390951
6.4	0.107294478523193
6.5	0.0997283095266364
6.6	0.0806472006812398
6.7	0.0918277422158565
6.8	0.0988682139773138
6.9	0.097404772061898
7	0.0990770832903539
7.1	0.0989300147274232
7.2	0.119752675368671
7.3	0.10248547988607
7.4	0.116857083189372
7.5	0.130306998621129
7.6	0.126754668105725
7.7	0.11806144576263
7.8	0.114112564492726
7.9	0.115001742994343
8	0.109261110122896
8.1	0.126491576195927
8.2	0.122884542198027
8.3	0.110806708576795
8.4	0.110814042879958
8.5	0.127234504013196
8.6	0.125912934739744
8.7	0.131547144077113
8.8	0.118541697096824
8.9	0.115707014447124
9	0.12137300676042
9.1	0.106748643390402
9.2	0.104475513539045
9.3	0.115550920687914
9.4	0.102412562822411
9.5	0.120811867907701
9.6	0.118391334826639
9.7	0.0951955724405284
9.8	0.117425859806961
9.9	0.114492947467142
10	0.12911253756527
10.1	0.103236566374436
10.2	0.112372435267779
10.3	0.098397811381048
10.4	0.0975513780338916
10.5	0.115785932388806
10.6	0.123724715922494
10.7	0.11254841179915
10.8	0.0960012869794527
10.9	0.120956675187388
11	0.127322897793439
11.1	0.148237108721753
11.2	0.114110872266177
11.3	0.150150981798662
11.4	0.144948063297272
11.5	0.147114566065515
11.6	0.139484193971273
11.7	0.148847646942254
11.8	0.143891157547158
11.9	0.189537173742958
12	0.140688736893362
12.1	0.172068579879807
12.2	0.189624832222
12.3	0.206205135007693
12.4	0.210285190621615
12.5	0.235282731535867
12.6	0.242235965132348
12.7	0.243186221584341
12.8	0.258571408618247
12.9	0.282132772778826
13	0.285073590599203
13.1	0.328291257545223
13.2	0.36046566981767
13.3	0.374558705157707
13.4	0.430893646471203
13.5	0.505311107680337
13.6	0.674258277483063
13.7	0.738813068557458
13.8	0.754051572355494
13.9	0.804869520414029
14	0.824710711510912
14.1	0.81281377889114
14.2	0.826687389747058
14.3	0.861355984264593
14.4	0.888188713562161
14.5	0.92372797030946
14.6	0.946826809891616
14.7	0.919319383069786
14.8	0.930547521155938
14.9	0.936156825729128
15	0.886260606713121
15.1	0.845984986836953
15.2	0.787796517352784
15.3	0.746576206341025
15.4	0.712895035320683
15.5	0.675210543845295
15.6	0.616805999275907
15.7	0.624222374198283
15.8	0.572339049143521
15.9	0.531641039753606
16	0.555774384099724
16.1	0.542351014703246
16.2	0.555446265310145
16.3	0.617515301291604
16.4	0.617832235448197
16.5	0.640823788351073
16.6	0.642470522143729
16.7	0.699923713906139
16.8	0.706513827652181
16.9	0.710286990959712
17	0.774579056700122
17.1	0.762717655507403
17.2	0.799986552126024
17.3	0.801218307897927
17.4	0.82324439081765
17.5	0.822578936302565
17.6	0.791238051542467
17.7	0.779057971976764
17.8	0.768393414641426
17.9	0.746833522734911
18	0.735487512039984
18.1	0.70408784730371
18.2	0.712646320106175
18.3	0.70347304760235
18.4	0.71219566405304
18.5	0.709163553818599
18.6	0.723527005487681
18.7	0.714015057167141
18.8	0.690034350588668
18.9	0.70289169510328
19	0.732841550269127
19.1	0.756933073119887
19.2	0.756476721142338
19.3	0.756609132154161
19.4	0.783320402528279
19.5	0.798435527965157
19.6	0.7966668659101
19.7	0.792178092064396
19.8	0.771715480446394
19.9	0.800263226564528
20	0.746797556522778
20.1	0.760820599045175
20.2	0.767432453583325
20.3	0.773565783807635
20.4	0.753488250597023
20.5	0.763665063744245
20.6	0.755451513422918
20.7	0.710848573964344
20.8	0.74487207953905
20.9	0.744788787473931
21	0.715207029672341
21.1	0.69263699361359
21.2	0.723247634388612
21.3	0.69239257147661
21.4	0.763252374545874
21.5	0.687394457195086
21.6	0.725071750974576
21.7	0.649299632402062
21.8	0.635790530881853
21.9	0.621170043915231
22	0.58090600386073
22.1	0.677912153234559
22.2	0.671954381804351
22.3	0.637769814340323
22.4	0.647473879933203
22.5	0.677127251592942
22.6	0.650569563646298
22.7	0.652984533487241
22.8	0.660593481820822
22.9	0.657467042374803
23	0.635111477164924
23.1	0.665181798050727
23.2	0.654623904474233
23.3	0.636516350042032
23.4	0.63677730300787
23.5	0.641788010347478
23.6	0.61814574621759
23.7	0.62955317925726
23.8	0.634310120913552
23.9	0.637653785646243
24	0.6346837858735
24.1	0.632982021736086
24.2	0.638739805473181
24.3	0.640106818750761
24.4	0.631511474489262
24.5	0.650136299625588
24.6	0.624187466883309
24.7	0.607793236774125
24.8	0.610869292482735
24.9	0.624739158906019
25	0.602657571913454
25.1	0.593726390119538
25.2	0.606227014673987
25.3	0.620971633384902
25.4	0.605069026684338
25.5	0.601221651560747
25.6	0.631886856067104
25.7	0.6061999212443
25.8	0.609317433366748
25.9	0.62046031468403
26	0.597510413991981
26.1	0.59104013390953
26.2	0.611813862704923
26.3	0.618448612441214
26.4	0.592739714913397
26.5	0.61973479877172
26.6	0.615351780061222
26.7	0.603628173754153
26.8	0.623933615736558
26.9	0.622927437277561
27	0.599889387814249
27.1	0.620749321566623
27.2	0.61950806190185
27.3	0.617586955631582
27.4	0.623107481748308
27.5	0.630437418980488
27.6	0.614227249064368
27.7	0.605406447317749
27.8	0.601985063365313
27.9	0.612053998634816
28	0.589119965267901
28.1	0.620485844504018
28.2	0.608076008310804
28.3	0.594166205348719
28.4	0.594430322755945
28.5	0.60202324673329
28.6	0.596104085947307
28.7	0.625158755461526
28.8	0.599561566074633
28.9	0.610267301917041
29	0.62379588336487
29.1	0.632966845180432
29.2	0.636431881783742
29.3	0.618974881168115
29.4	0.615053092678576
29.5	0.628323906435436
29.6	0.62215488479298
29.7	0.616574931838921
29.8	0.630783025595065
29.9	0.622017190056368
30	0.617086038969853
30.1	0.614748690512145
30.2	0.611965874164994
30.3	0.631148212141443
30.4	0.63682314205573
30.5	0.647234860914792
30.6	0.646019734232257
30.7	0.619323541259254
30.8	0.613266901672781
30.9	0.634455207147267
31	0.608411778302491
31.1	0.62545837777872
31.2	0.616794597617195
31.3	0.630598817866724
31.4	0.605334656303842
31.5	0.611432973688334
31.6	0.63231459765341
31.7	0.64086110421783
31.8	0.640640232205948
31.9	0.632698181847478
32	0.598940993811161
32.1	0.608391200967542
32.2	0.605192347150985
32.3	0.630143798297255
32.4	0.600935824687481
32.5	0.599712009384628
32.6	0.622995807853237
32.7	0.579865760941155
32.8	0.594989798382728
32.9	0.59027043203818
33	0.582330263529215
33.1	0.577340731120472
33.2	0.580940564378894
33.3	0.621713949688432
33.4	0.596797283713813
33.5	0.591099394336047
33.6	0.600496553081004
33.7	0.587961321726964
33.8	0.589490209784147
33.9	0.588583043294215
34	0.603122082135207
34.1	0.605841155489683
34.2	0.59411932125032
34.3	0.599129579562458
34.4	0.592367289634765
34.5	0.58034421941477
34.6	0.600366677550168
34.7	0.593877082205858
34.8	0.59292313459226
34.9	0.605655030294341
35	0.612413233998945
35.1	0.604533991914772
35.2	0.635404066657568
35.3	0.651018210327491
35.4	0.6322105995343
35.5	0.597630469905526
35.6	0.603335781782913
35.7	0.590905773170351
35.8	0.595727363160762
35.9	0.609987775692455
36	0.594295378678228
36.1	0.599957789479196
36.2	0.589299799703264
36.3	0.609006883383643
36.4	0.608844534230233
36.5	0.609140311911365
36.6	0.594124417617215
36.7	0.619437269440955
36.8	0.599974083013256
36.9	0.610147468250655
37	0.606452292240161
37.1	0.60857464338936
37.2	0.608953336233888
37.3	0.625691273081566
37.4	0.620877604631757
37.5	0.627624633490324
37.6	0.642875571288345
37.7	0.617726630382465
37.8	0.654893778172078
37.9	0.632706604635895
38	0.625594316549825
38.1	0.640440604140115
38.2	0.66460671321906
38.3	0.673033516619016
38.4	0.680699485242522
38.5	0.679709600015862
38.6	0.704872715015266
38.7	0.716346150485507
38.8	0.724578013288643
38.9	0.745393207370202
39	0.736513694819392
39.1	0.723432739712601
39.2	0.736139031947215
39.3	0.794558343116719
39.4	0.77762290437669
39.5	0.837283770748636
39.6	0.841195652843012
39.7	0.882273939786615
39.8	0.899723102069546
39.9	0.899735794460567
40	0.918623751409073
40.1	0.959916122673143
40.2	0.958252125898173
40.3	0.945760386402012
40.4	0.984613377739768
40.5	0.98732645236096
40.6	1.0196556823817
40.7	1.05021933724564
40.8	1.0612217701014
40.9	1.13415752222146
41	1.17135397988723
41.1	1.23039918764341
41.2	1.35492088632333
41.3	1.39445063076138
41.4	1.53057426446795
41.5	1.58068557525277
41.6	1.66505326980495
41.7	1.76402821361484
41.8	1.88992741823654
41.9	1.9984861464447
42	2.12059989779038
42.1	2.23747792310234
42.2	2.43732218690361
42.3	2.60685230852208
42.4	2.78981566269055
42.5	3.02252235990867
42.6	3.3364348063594
42.7	3.61821261844831
42.8	3.93063822312005
42.9	4.30040390268153
43	4.8189161789434
43.1	5.60195265760455
43.2	6.38877566312644
43.3	7.2048724976713
43.4	7.93755722126603
43.5	10
43.6	10
43.7	10
43.8	10
43.9	10
44	10
44.1	10
44.2	10
44.3	10
44.4	10
44.5	10
44.6	10
44.7	10
44.8	10
44.9	10
45	10
