0	0.04435
0.1	0.04523
0.2	0.04619
0.3	0.04628
0.4	0.0453
0.5	0.04489
0.6	0.0446
0.7	0.04582
0.8	0.04596
0.9	0.04601
1	0.04694
1.1	0.04575
1.2	0.04569
1.3	0.04709
1.4	0.04739
1.5	0.04564
1.6	0.04647
1.7	0.04516
1.8	0.04399
1.9	0.04197
2	0.0429
2.1	0.04357
2.2	0.04242
2.3	0.04219
2.4	0.04347
2.5	0.0425
2.6	0.04424
2.7	0.04549
2.8	0.04574
2.9	0.04601
3	0.04573
3.1	0.04567
3.2	0.04687
3.3	0.04671
3.4	0.04665
3.5	0.04651
3.6	0.04678
3.7	0.04681
3.8	0.04633
3.9	0.04492
4	0.04641
4.1	0.04676
4.2	0.04582
4.3	0.0477
4.4	0.04769
4.5	0.0476
4.6	0.04702
4.7	0.04711
4.8	0.04921
4.9	0.04761
5	0.04697
5.1	0.04883
5.2	0.04734
5.3	0.04718
5.4	0.04852
5.5	0.04825
5.6	0.04833
5.7	0.04598
5.8	0.04673
5.9	0.04772
6	0.04517
6.1	0.04591
6.2	0.04392
6.3	0.04282
6.4	0.04425
6.5	0.0434
6.6	0.04396
6.7	0.04356
6.8	0.04152
6.9	0.04146
7	0.04083
7.1	0.04159
7.2	0.04053
7.3	0.04001
7.4	0.04066
7.5	0.04015
7.6	0.04211
7.7	0.04151
7.8	0.04261
7.9	0.04121
8	0.04178
8.1	0.04258
8.2	0.04329
8.3	0.04369
8.4	0.04307
8.5	0.04219
8.6	0.04449
8.7	0.0436
8.8	0.04632
8.9	0.04738
9	0.04923
9.1	0.04986
9.2	0.05006
9.3	0.05186
9.4	0.04981
9.5	0.04708
9.6	0.04814
9.7	0.04559
9.8	0.04733
9.9	0.04853
10	0.05054
10.1	0.05497
10.2	0.05582
10.3	0.0566
10.4	0.05834
10.5	0.05499
10.6	0.05587
10.7	0.05544
10.8	0.05325
10.9	0.05091
11	0.04685
11.1	0.0454
11.2	0.04452
11.3	0.04216
11.4	0.04055
11.5	0.03882
11.6	0.03569
11.7	0.03449
11.8	0.03491
11.9	0.0361
12	0.03812
12.1	0.03851
12.2	0.03758
12.3	0.03881
12.4	0.03851
12.5	0.03947
12.6	0.03852
12.7	0.03836
12.8	0.08935
12.9	0.15326
13	0.22508
13.1	0.29781
13.2	0.36815
13.3	0.45357
13.4	0.52183
13.5	0.59879
13.6	0.66426
13.7	0.73996
13.8	0.78534
13.9	0.8249
14	0.89154
14.1	0.94352
14.2	0.9859
14.3	0.94748
14.4	0.91589
14.5	0.88535
14.6	0.85212
14.7	0.8299
14.8	0.78602
14.9	0.75819
15	0.73927
15.1	0.71515
15.2	0.6978
15.3	0.65528
15.4	0.60045
15.5	0.54411
15.6	0.53504
15.7	0.53599
15.8	0.5221
15.9	0.53346
16	0.54212
16.1	0.53469
16.2	0.51446
16.3	0.49659
16.4	0.48834
16.5	0.46133
16.6	0.43521
16.7	0.40713
16.8	0.37867
16.9	0.38442
17	0.40499
17.1	0.41737
17.2	0.43097
17.3	0.44406
17.4	0.46079
17.5	0.46405
17.6	0.47563
17.7	0.50845
17.8	0.53583
17.9	0.54274
18	0.55791
18.1	0.55768
18.2	0.53557
18.3	0.49894
18.4	0.49176
18.5	0.49036
18.6	0.48539
18.7	0.48424
18.8	0.47778
18.9	0.47493
19	0.46419
19.1	0.44701
19.2	0.42291
19.3	0.40823
19.4	0.43116
19.5	0.45118
19.6	0.4562
19.7	0.4811
19.8	0.49479
19.9	0.49983
20	0.48825
20.1	0.49071
20.2	0.4881
20.3	0.49039
20.4	0.49095
20.5	0.49119
20.6	0.46949
20.7	0.43954
20.8	0.42658
20.9	0.43355
21	0.46983
21.1	0.49168
21.2	0.51937
21.3	0.5127
21.4	0.53955
21.5	0.5598
21.6	0.55537
21.7	0.51743
21.8	0.49342
21.9	0.47684
22	0.48942
22.1	0.49483
22.2	0.51519
22.3	0.49245
22.4	0.47098
22.5	0.47578
22.6	0.53569
22.7	0.58499
22.8	0.67735
22.9	0.77809
23	0.85761
23.1	0.94816
23.2	1.03463
23.3	1.10574
23.4	1.15682
23.5	1.21263
23.6	1.30239
23.7	1.40464
23.8	1.52099
23.9	1.64909
24	1.78207
24.1	1.91966
24.2	2.05726
24.3	2.19486
24.4	2.38315
24.5	2.64628
24.6	2.9094
24.7	3.17253
24.8	3.51402
24.9	4.04409
25	4.59307
25.1	5.14205
25.2	5.65944
25.3	6.08745
25.4	6.48568
25.5	6.88391
25.6	7.2653
25.7	7.57181
25.8	7.83703
25.9	8.10225
26	8.36999
26.1	8.69462
26.2	9.0597
26.3	9.42477
26.4	9.78985
26.5	9.99588
26.6	10
26.7	10
26.8	10
26.9	10
27	10
27.1	10
27.2	10
27.3	10
27.4	10
27.5	10
27.6	10
27.7	10
27.8	10
27.9	10
28	10
28.1	10
28.2	10
28.3	10
28.4	10
28.5	10
28.6	10
28.7	10
28.8	10
28.9	10
29	10
29.1	10
29.2	10
29.3	10
29.4	10
29.5	10
29.6	10
29.7	10
29.8	10
29.9	10
30	10
30.1	10
30.2	10
30.3	10
30.4	10
30.5	10
30.6	10
30.7	10
30.8	10
30.9	10
31	10
31.1	10
31.2	10
31.3	10
31.4	10
31.5	10
31.6	10
31.7	10
31.8	10
31.9	10
32	10
32.1	10
32.2	10
32.3	10
32.4	10
32.5	10
32.6	10
32.7	10
32.8	10
32.9	10
33	10
33.1	10
33.2	10
33.3	10
33.4	10
33.5	10
33.6	10
33.7	10
33.8	10
33.9	10
34	10
34.1	10
34.2	10
34.3	10
34.4	10
34.5	10
34.6	10
34.7	10
34.8	10
34.9	10
35	10
35.1	10
35.2	10
35.3	10
35.4	10
35.5	10
35.6	10
35.7	10
35.8	10
35.9	10
36	10
36.1	10
36.2	10
36.3	10
36.4	10
36.5	10
36.6	10
36.7	10
36.8	10
36.9	10
37	10
37.1	10
37.2	10
37.3	10
37.4	10
37.5	10
37.6	10
37.7	10
37.8	10
37.9	10
38	10
38.1	10
38.2	10
38.3	10
38.4	10
38.5	10
38.6	10
38.7	10
38.8	10
38.9	10
39	10
39.1	10
39.2	10
39.3	10
39.4	10
39.5	10
39.6	10
39.7	10
39.8	10
39.9	10
40	10
40.1	10
40.2	10
40.3	10
40.4	10
40.5	10
40.6	10
40.7	10
40.8	10
40.9	10
41	10
41.1	10
41.2	10
41.3	10
41.4	10
41.5	10
41.6	10
41.7	10
41.8	10
41.9	10
42	10
42.1	10
42.2	10
42.3	10
42.4	10
42.5	10
42.6	10
42.7	10
42.8	10
42.9	10
43	10
43.1	10
43.2	10
43.3	10
43.4	10
43.5	10
43.6	10
43.7	10
43.8	10
43.9	10
44	10
44.1	10
44.2	10
44.3	10
44.4	10
44.5	10
44.6	10
44.7	10
44.8	10
44.9	10
45	10
