0	0.04151
0.1	0.04208
0.2	0.04461
0.3	0.04376
0.4	0.04312
0.5	0.0439
0.6	0.04389
0.7	0.04426
0.8	0.04509
0.9	0.04468
1	0.04431
1.1	0.04221
1.2	0.04339
1.3	0.04297
1.4	0.04194
1.5	0.04237
1.6	0.04178
1.7	0.04177
1.8	0.04183
1.9	0.04176
2	0.04238
2.1	0.04183
2.2	0.04323
2.3	0.04383
2.4	0.0437
2.5	0.04349
2.6	0.04499
2.7	0.04479
2.8	0.04533
2.9	0.04476
3	0.04466
3.1	0.04443
3.2	0.04393
3.3	0.04464
3.4	0.04463
3.5	0.04477
3.6	0.04519
3.7	0.04446
3.8	0.0455
3.9	0.04554
4	0.04576
4.1	0.04612
4.2	0.04579
4.3	0.0456
4.4	0.04642
4.5	0.04534
4.6	0.04775
4.7	0.04627
4.8	0.04617
4.9	0.04578
5	0.04655
5.1	0.04683
5.2	0.0487
5.3	0.04668
5.4	0.04733
5.5	0.04488
5.6	0.04586
5.7	0.04598
5.8	0.04592
5.9	0.0458
6	0.04519
6.1	0.0437
6.2	0.04264
6.3	0.04183
6.4	0.04318
6.5	0.04303
6.6	0.04271
6.7	0.04273
6.8	0.04145
6.9	0.0417
7	0.04398
7.1	0.04535
7.2	0.04694
7.3	0.04616
7.4	0.04631
7.5	0.04724
7.6	0.04789
7.7	0.04911
7.8	0.04944
7.9	0.04829
8	0.04785
8.1	0.04769
8.2	0.04808
8.3	0.04916
8.4	0.04922
8.5	0.04861
8.6	0.04648
8.7	0.04554
8.8	0.04456
8.9	0.0451
9	0.04533
9.1	0.04626
9.2	0.04658
9.3	0.04887
9.4	0.04886
9.5	0.0501
9.6	0.0497
9.7	0.0491
9.8	0.04891
9.9	0.05037
10	0.05194
10.1	0.05239
10.2	0.05118
10.3	0.05251
10.4	0.05235
10.5	0.05041
10.6	0.05096
10.7	0.05142
10.8	0.05182
10.9	0.05155
11	0.04976
11.1	0.04736
11.2	0.04519
11.3	0.0436
11.4	0.04197
11.5	0.03955
11.6	0.03769
11.7	0.03622
11.8	0.03422
11.9	0.03552
12	0.03715
12.1	0.03819
12.2	0.03915
12.3	0.03967
12.4	0.03851
12.5	0.03805
12.6	0.03667
12.7	0.03631
12.8	0.048
12.9	0.10499
13	0.16474
13.1	0.22535
13.2	0.29101
13.3	0.36542
13.4	0.466
13.5	0.54962
13.6	0.63266
13.7	0.69749
13.8	0.77192
13.9	0.81892
14	0.86484
14.1	0.92792
14.2	0.98066
14.3	0.98965
14.4	0.95293
14.5	0.93006
14.6	0.90114
14.7	0.88571
14.8	0.86709
14.9	0.83594
15	0.79097
15.1	0.77498
15.2	0.76765
15.3	0.75028
15.4	0.7106
15.5	0.69116
15.6	0.64966
15.7	0.61226
15.8	0.55623
15.9	0.53267
16	0.51401
16.1	0.49949
16.2	0.49746
16.3	0.50777
16.4	0.50722
16.5	0.48261
16.6	0.47135
16.7	0.48022
16.8	0.47991
16.9	0.46878
17	0.4539
17.1	0.43281
17.2	0.39759
17.3	0.37604
17.4	0.37099
17.5	0.36535
17.6	0.36452
17.7	0.36865
17.8	0.37709
17.9	0.38412
18	0.38698
18.1	0.40944
18.2	0.43019
18.3	0.4313
18.4	0.45252
18.5	0.47767
18.6	0.4878
18.7	0.5032
18.8	0.52091
18.9	0.54048
19	0.53449
19.1	0.51655
19.2	0.51141
19.3	0.48914
19.4	0.47339
19.5	0.46297
19.6	0.46386
19.7	0.46795
19.8	0.45822
19.9	0.46647
20	0.47339
20.1	0.48111
20.2	0.48021
20.3	0.45926
20.4	0.45654
20.5	0.44275
20.6	0.41479
20.7	0.43282
20.8	0.44994
20.9	0.46027
21	0.4658
21.1	0.48681
21.2	0.50736
21.3	0.51495
21.4	0.51552
21.5	0.53483
21.6	0.53222
21.7	0.52198
21.8	0.50188
21.9	0.50739
22	0.51592
22.1	0.5166
22.2	0.51698
22.3	0.50013
22.4	0.47131
22.5	0.4598
22.6	0.45057
22.7	0.48137
22.8	0.50404
22.9	0.51557
23	0.54231
23.1	0.542
23.2	0.55008
23.3	0.55329
23.4	0.53018
23.5	0.50869
23.6	0.49335
23.7	0.47552
23.8	0.47628
23.9	0.49373
24	0.51535
24.1	0.53114
24.2	0.52984
24.3	0.53367
24.4	0.52439
24.5	0.51693
24.6	0.53196
24.7	0.57341
24.8	0.60732
24.9	0.63709
25	0.68265
25.1	0.75589
25.2	0.81619
25.3	0.87426
25.4	0.93196
25.5	0.98549
25.6	1.04287
25.7	1.10244
25.8	1.18274
25.9	1.3016
26	1.42427
26.1	1.54978
26.2	1.67449
26.3	1.8046
26.4	1.93792
26.5	2.07125
26.6	2.20629
26.7	2.39359
26.8	2.64855
26.9	2.90352
27	3.15848
27.1	3.48288
27.2	3.98073
27.3	4.51268
27.4	5.04464
27.5	5.55789
27.6	5.99208
27.7	6.37796
27.8	6.76384
27.9	7.14972
28	7.4754
28.1	7.73239
28.2	7.98938
28.3	8.24637
28.4	8.53097
28.5	8.87036
28.6	9.22412
28.7	9.57787
28.8	9.89093
28.9	10
29	10
29.1	10
29.2	10
29.3	10
29.4	10
29.5	10
29.6	10
29.7	10
29.8	10
29.9	10
30	10
30.1	10
30.2	10
30.3	10
30.4	10
30.5	10
30.6	10
30.7	10
30.8	10
30.9	10
31	10
31.1	10
31.2	10
31.3	10
31.4	10
31.5	10
31.6	10
31.7	10
31.8	10
31.9	10
32	10
32.1	10
32.2	10
32.3	10
32.4	10
32.5	10
32.6	10
32.7	10
32.8	10
32.9	10
33	10
33.1	10
33.2	10
33.3	10
33.4	10
33.5	10
33.6	10
33.7	10
33.8	10
33.9	10
34	10
34.1	10
34.2	10
34.3	10
34.4	10
34.5	10
34.6	10
34.7	10
34.8	10
34.9	10
35	10
35.1	10
35.2	10
35.3	10
35.4	10
35.5	10
35.6	10
35.7	10
35.8	10
35.9	10
36	10
36.1	10
36.2	10
36.3	10
36.4	10
36.5	10
36.6	10
36.7	10
36.8	10
36.9	10
37	10
37.1	10
37.2	10
37.3	10
37.4	10
37.5	10
37.6	10
37.7	10
37.8	10
37.9	10
38	10
38.1	10
38.2	10
38.3	10
38.4	10
38.5	10
38.6	10
38.7	10
38.8	10
38.9	10
39	10
39.1	10
39.2	10
39.3	10
39.4	10
39.5	10
39.6	10
39.7	10
39.8	10
39.9	10
40	10
40.1	10
40.2	10
40.3	10
40.4	10
40.5	10
40.6	10
40.7	10
40.8	10
40.9	10
41	10
41.1	10
41.2	10
41.3	10
41.4	10
41.5	10
41.6	10
41.7	10
41.8	10
41.9	10
42	10
42.1	10
42.2	10
42.3	10
42.4	10
42.5	10
42.6	10
42.7	10
42.8	10
42.9	10
43	10
43.1	10
43.2	10
43.3	10
43.4	10
43.5	10
43.6	10
43.7	10
43.8	10
43.9	10
44	10
44.1	10
44.2	10
44.3	10
44.4	10
44.5	10
44.6	10
44.7	10
44.8	10
44.9	10
45	10
