0	0.04307
0.1	0.04219
0.2	0.04079
0.3	0.03969
0.4	0.03952
0.5	0.03839
0.6	0.04061
0.7	0.04016
0.8	0.04055
0.9	0.03978
1	0.0392
1.1	0.0412
1.2	0.04216
1.3	0.04174
1.4	0.0408
1.5	0.03923
1.6	0.04169
1.7	0.042
1.8	0.04194
1.9	0.04285
2	0.04103
2.1	0.04115
2.2	0.04225
2.3	0.04325
2.4	0.04303
2.5	0.04098
2.6	0.04068
2.7	0.04284
2.8	0.04228
2.9	0.04328
3	0.0424
3.1	0.04205
3.2	0.04126
3.3	0.0413
3.4	0.04233
3.5	0.0424
3.6	0.0418
3.7	0.04173
3.8	0.04203
3.9	0.04339
4	0.04489
4.1	0.04435
4.2	0.04378
4.3	0.04421
4.4	0.0438
4.5	0.04382
4.6	0.04554
4.7	0.04554
4.8	0.04356
4.9	0.04099
5	0.04276
5.1	0.04265
5.2	0.04277
5.3	0.043
5.4	0.04333
5.5	0.04255
5.6	0.04406
5.7	0.04439
5.8	0.045
5.9	0.04581
6	0.04541
6.1	0.04603
6.2	0.04503
6.3	0.04412
6.4	0.04441
6.5	0.04301
6.6	0.04375
6.7	0.04389
6.8	0.04057
6.9	0.04023
7	0.03903
7.1	0.04111
7.2	0.04196
7.3	0.04175
7.4	0.04177
7.5	0.04151
7.6	0.04173
7.7	0.044
7.8	0.04601
7.9	0.04786
8	0.04683
8.1	0.04664
8.2	0.04748
8.3	0.04815
8.4	0.04902
8.5	0.04725
8.6	0.0473
8.7	0.04641
8.8	0.04396
8.9	0.04426
9	0.04393
9.1	0.04428
9.2	0.04698
9.3	0.04769
9.4	0.04911
9.5	0.04861
9.6	0.04847
9.7	0.04857
9.8	0.04869
9.9	0.05125
10	0.05586
10.1	0.0567
10.2	0.06032
10.3	0.0623
10.4	0.05974
10.5	0.05837
10.6	0.06037
10.7	0.05968
10.8	0.05997
10.9	0.0561
11	0.05439
11.1	0.05053
11.2	0.04924
11.3	0.04852
11.4	0.04563
11.5	0.04172
11.6	0.04057
11.7	0.03713
11.8	0.03516
11.9	0.03425
12	0.03587
12.1	0.03645
12.2	0.03686
12.3	0.03855
12.4	0.03838
12.5	0.03675
12.6	0.036
12.7	0.03578
12.8	0.03586
12.9	0.08451
13	0.14929
13.1	0.2093
13.2	0.27101
13.3	0.34866
13.4	0.43888
13.5	0.55391
13.6	0.62914
13.7	0.71067
13.8	0.77915
13.9	0.81373
14	0.87201
14.1	0.9322
14.2	0.96303
14.3	1.01875
14.4	0.99509
14.5	0.97004
14.6	0.92383
14.7	0.90997
14.8	0.91292
14.9	0.89281
15	0.86191
15.1	0.85323
15.2	0.80827
15.3	0.77926
15.4	0.7878
15.5	0.77092
15.6	0.73273
15.7	0.69468
15.8	0.648
15.9	0.60492
16	0.56222
16.1	0.54578
16.2	0.52936
16.3	0.49025
16.4	0.47978
16.5	0.47201
16.6	0.45191
16.7	0.44901
16.8	0.47116
16.9	0.45675
17	0.45786
17.1	0.45907
17.2	0.47423
17.3	0.48927
17.4	0.48814
17.5	0.48918
17.6	0.47394
17.7	0.43362
17.8	0.42672
17.9	0.40688
18	0.42337
18.1	0.42387
18.2	0.41272
18.3	0.41941
18.4	0.4262
18.5	0.43875
18.6	0.44538
18.7	0.43882
18.8	0.45862
18.9	0.46304
19	0.48097
19.1	0.51298
19.2	0.51541
19.3	0.51637
19.4	0.52629
19.5	0.52034
19.6	0.52705
19.7	0.51759
19.8	0.50476
19.9	0.47382
20	0.46339
20.1	0.46301
20.2	0.47752
20.3	0.46847
20.4	0.46755
20.5	0.46345
20.6	0.45739
20.7	0.4655
20.8	0.47179
20.9	0.4627
21	0.45513
21.1	0.43122
21.2	0.43458
21.3	0.44954
21.4	0.4448
21.5	0.45439
21.6	0.44321
21.7	0.46032
21.8	0.46105
21.9	0.46781
22	0.48809
22.1	0.49552
22.2	0.48702
22.3	0.48255
22.4	0.46004
22.5	0.47436
22.6	0.47251
22.7	0.45579
22.8	0.46584
22.9	0.46475
23	0.4695
23.1	0.47732
23.2	0.48791
23.3	0.51227
23.4	0.49104
23.5	0.4501
23.6	0.45236
23.7	0.45526
23.8	0.46597
23.9	0.4825
24	0.52272
24.1	0.55244
24.2	0.52504
24.3	0.54098
24.4	0.56536
24.5	0.56685
24.6	0.56396
24.7	0.55711
24.8	0.53467
24.9	0.51611
25	0.49537
25.1	0.51952
25.2	0.50375
25.3	0.51868
25.4	0.53697
25.5	0.55148
25.6	0.54042
25.7	0.52853
25.8	0.49486
25.9	0.50295
26	0.54124
26.1	0.6042
26.2	0.62912
26.3	0.6672
26.4	0.6812
26.5	0.74096
26.6	0.81606
26.7	0.88096
26.8	0.9379
26.9	0.98769
27	1.012
27.1	1.08965
27.2	1.14798
27.3	1.2693
27.4	1.39622
27.5	1.52143
27.6	1.64309
27.7	1.76893
27.8	1.89973
27.9	2.03052
28	2.16131
28.1	2.32017
28.2	2.55611
28.3	2.80623
28.4	3.05634
28.5	3.33289
28.6	3.7474
28.7	4.26924
28.8	4.79108
28.9	5.31292
29	5.78698
29.1	6.17201
29.2	6.55056
29.3	6.9291
29.4	7.28696
29.5	7.57568
29.6	7.82779
29.7	8.07989
29.8	8.332
29.9	8.62775
30	8.97477
30.1	9.3218
30.2	9.66882
30.3	9.93052
30.4	10
30.5	10
30.6	10
30.7	10
30.8	10
30.9	10
31	10
31.1	10
31.2	10
31.3	10
31.4	10
31.5	10
31.6	10
31.7	10
31.8	10
31.9	10
32	10
32.1	10
32.2	10
32.3	10
32.4	10
32.5	10
32.6	10
32.7	10
32.8	10
32.9	10
33	10
33.1	10
33.2	10
33.3	10
33.4	10
33.5	10
33.6	10
33.7	10
33.8	10
33.9	10
34	10
34.1	10
34.2	10
34.3	10
34.4	10
34.5	10
34.6	10
34.7	10
34.8	10
34.9	10
35	10
35.1	10
35.2	10
35.3	10
35.4	10
35.5	10
35.6	10
35.7	10
35.8	10
35.9	10
36	10
36.1	10
36.2	10
36.3	10
36.4	10
36.5	10
36.6	10
36.7	10
36.8	10
36.9	10
37	10
37.1	10
37.2	10
37.3	10
37.4	10
37.5	10
37.6	10
37.7	10
37.8	10
37.9	10
38	10
38.1	10
38.2	10
38.3	10
38.4	10
38.5	10
38.6	10
38.7	10
38.8	10
38.9	10
39	10
39.1	10
39.2	10
39.3	10
39.4	10
39.5	10
39.6	10
39.7	10
39.8	10
39.9	10
40	10
40.1	10
40.2	10
40.3	10
40.4	10
40.5	10
40.6	10
40.7	10
40.8	10
40.9	10
41	10
41.1	10
41.2	10
41.3	10
41.4	10
41.5	10
41.6	10
41.7	10
41.8	10
41.9	10
42	10
42.1	10
42.2	10
42.3	10
42.4	10
42.5	10
42.6	10
42.7	10
42.8	10
42.9	10
43	10
43.1	10
43.2	10
43.3	10
43.4	10
43.5	10
43.6	10
43.7	10
43.8	10
43.9	10
44	10
44.1	10
44.2	10
44.3	10
44.4	10
44.5	10
44.6	10
44.7	10
44.8	10
44.9	10
45	10
