0	0.0414
0.1	0.04304
0.2	0.04267
0.3	0.04215
0.4	0.04371
0.5	0.04372
0.6	0.04306
0.7	0.04281
0.8	0.04346
0.9	0.04392
1	0.04372
1.1	0.04408
1.2	0.04455
1.3	0.04358
1.4	0.04384
1.5	0.04352
1.6	0.0447
1.7	0.04533
1.8	0.04508
1.9	0.04396
2	0.04316
2.1	0.04204
2.2	0.04173
2.3	0.04117
2.4	0.04137
2.5	0.04278
2.6	0.04223
2.7	0.04257
2.8	0.04308
2.9	0.04356
3	0.04441
3.1	0.04259
3.2	0.04337
3.3	0.04324
3.4	0.04275
3.5	0.0434
3.6	0.04289
3.7	0.04348
3.8	0.04385
3.9	0.0434
4	0.04466
4.1	0.04278
4.2	0.04363
4.3	0.04281
4.4	0.04329
4.5	0.04307
4.6	0.04307
4.7	0.04296
4.8	0.04242
4.9	0.04246
5	0.04431
5.1	0.04418
5.2	0.04374
5.3	0.04298
5.4	0.04411
5.5	0.04334
5.6	0.04403
5.7	0.04624
5.8	0.04661
5.9	0.04564
6	0.04607
6.1	0.04601
6.2	0.04597
6.3	0.04445
6.4	0.04548
6.5	0.04659
6.6	0.04539
6.7	0.04557
6.8	0.04522
6.9	0.04622
7	0.04666
7.1	0.04672
7.2	0.04702
7.3	0.04654
7.4	0.04486
7.5	0.04562
7.6	0.04512
7.7	0.0458
7.8	0.0436
7.9	0.04406
8	0.04417
8.1	0.04581
8.2	0.04555
8.3	0.04785
8.4	0.0473
8.5	0.04771
8.6	0.04832
8.7	0.04773
8.8	0.04777
8.9	0.04791
9	0.04917
9.1	0.04929
9.2	0.0475
9.3	0.04772
9.4	0.04919
9.5	0.04808
9.6	0.0489
9.7	0.04897
9.8	0.04868
9.9	0.04826
10	0.05172
10.1	0.05451
10.2	0.0593
10.3	0.0609
10.4	0.06297
10.5	0.06222
10.6	0.05993
10.7	0.05828
10.8	0.05705
10.9	0.0559
11	0.0545
11.1	0.05008
11.2	0.04724
11.3	0.04513
11.4	0.04373
11.5	0.04311
11.6	0.04264
11.7	0.04077
11.8	0.03752
11.9	0.03602
12	0.03604
12.1	0.03646
12.2	0.0366
12.3	0.03756
12.4	0.03794
12.5	0.03698
12.6	0.03775
12.7	0.03906
12.8	0.04048
12.9	0.07356
13	0.13616
13.1	0.19674
13.2	0.26109
13.3	0.31819
13.4	0.40186
13.5	0.47386
13.6	0.55716
13.7	0.6531
13.8	0.73285
13.9	0.78992
14	0.84695
14.1	0.88316
14.2	0.94793
14.3	0.99164
14.4	1.02029
14.5	0.99649
14.6	0.95676
14.7	0.93343
14.8	0.92179
14.9	0.89731
15	0.88514
15.1	0.87337
15.2	0.8339
15.3	0.81294
15.4	0.79846
15.5	0.77591
15.6	0.75021
15.7	0.72678
15.8	0.7062
15.9	0.67474
16	0.60428
16.1	0.58172
16.2	0.53048
16.3	0.49626
16.4	0.49467
16.5	0.47464
16.6	0.46663
16.7	0.4588
16.8	0.45062
16.9	0.4683
17	0.4807
17.1	0.47919
17.2	0.48925
17.3	0.48494
17.4	0.48807
17.5	0.47859
17.6	0.4637
17.7	0.4545
17.8	0.44785
17.9	0.42492
18	0.42418
18.1	0.39826
18.2	0.3846
18.3	0.39116
18.4	0.3962
18.5	0.41433
18.6	0.43432
18.7	0.43647
18.8	0.44306
18.9	0.44687
19	0.45238
19.1	0.45552
19.2	0.45999
19.3	0.46258
19.4	0.47848
19.5	0.48958
19.6	0.50564
19.7	0.51796
19.8	0.53254
19.9	0.54422
20	0.55623
20.1	0.55183
20.2	0.56653
20.3	0.54567
20.4	0.52028
20.5	0.49869
20.6	0.47958
20.7	0.45358
20.8	0.46722
20.9	0.46892
21	0.48229
21.1	0.48439
21.2	0.48613
21.3	0.48705
21.4	0.48428
21.5	0.47001
21.6	0.48355
21.7	0.46859
21.8	0.4499
21.9	0.45805
22	0.43915
22.1	0.44382
22.2	0.45384
22.3	0.45863
22.4	0.48411
22.5	0.48675
22.6	0.48336
22.7	0.48854
22.8	0.47354
22.9	0.47696
23	0.4743
23.1	0.48128
23.2	0.47532
23.3	0.46509
23.4	0.47041
23.5	0.47134
23.6	0.48829
23.7	0.49907
23.8	0.50708
23.9	0.5049
24	0.49013
24.1	0.48711
24.2	0.48842
24.3	0.45892
24.4	0.43721
24.5	0.42264
24.6	0.42986
24.7	0.45909
24.8	0.49961
24.9	0.52424
25	0.54289
25.1	0.53313
25.2	0.54776
25.3	0.55561
25.4	0.55866
25.5	0.56474
25.6	0.54521
25.7	0.52542
25.8	0.52863
25.9	0.52013
26	0.53284
26.1	0.52447
26.2	0.53946
26.3	0.54553
26.4	0.55324
26.5	0.5414
26.6	0.54493
26.7	0.53061
26.8	0.51603
26.9	0.49811
27	0.53399
27.1	0.56512
27.2	0.59875
27.3	0.63927
27.4	0.68439
27.5	0.7185
27.6	0.76424
27.7	0.81514
27.8	0.86255
27.9	0.92355
28	0.97879
28.1	1.03703
28.2	1.10124
28.3	1.15864
28.4	1.24089
28.5	1.35961
28.6	1.47547
28.7	1.59307
28.8	1.71359
28.9	1.84086
29	1.96898
29.1	2.09663
29.2	2.23301
29.3	2.4243
29.4	2.66643
29.5	2.90977
29.6	3.15359
29.7	3.46799
29.8	3.94429
29.9	4.44876
30	4.95339
30.1	5.44719
30.2	5.87743
30.3	6.25168
30.4	6.62604
30.5	7.00456
30.6	7.34627
30.7	7.61843
30.8	7.877
30.9	8.13587
31	8.40275
31.1	8.7179
31.2	9.06034
31.3	9.4013
31.4	9.74225
31.5	9.96158
31.6	10
31.7	10
31.8	10
31.9	10
32	10
32.1	10
32.2	10
32.3	10
32.4	10
32.5	10
32.6	10
32.7	10
32.8	10
32.9	10
33	10
33.1	10
33.2	10
33.3	10
33.4	10
33.5	10
33.6	10
33.7	10
33.8	10
33.9	10
34	10
34.1	10
34.2	10
34.3	10
34.4	10
34.5	10
34.6	10
34.7	10
34.8	10
34.9	10
35	10
35.1	10
35.2	10
35.3	10
35.4	10
35.5	10
35.6	10
35.7	10
35.8	10
35.9	10
36	10
36.1	10
36.2	10
36.3	10
36.4	10
36.5	10
36.6	10
36.7	10
36.8	10
36.9	10
37	10
37.1	10
37.2	10
37.3	10
37.4	10
37.5	10
37.6	10
37.7	10
37.8	10
37.9	10
38	10
38.1	10
38.2	10
38.3	10
38.4	10
38.5	10
38.6	10
38.7	10
38.8	10
38.9	10
39	10
39.1	10
39.2	10
39.3	10
39.4	10
39.5	10
39.6	10
39.7	10
39.8	10
39.9	10
40	10
40.1	10
40.2	10
40.3	10
40.4	10
40.5	10
40.6	10
40.7	10
40.8	10
40.9	10
41	10
41.1	10
41.2	10
41.3	10
41.4	10
41.5	10
41.6	10
41.7	10
41.8	10
41.9	10
42	10
42.1	10
42.2	10
42.3	10
42.4	10
42.5	10
42.6	10
42.7	10
42.8	10
42.9	10
43	10
43.1	10
43.2	10
43.3	10
43.4	10
43.5	10
43.6	10
43.7	10
43.8	10
43.9	10
44	10
44.1	10
44.2	10
44.3	10
44.4	10
44.5	10
44.6	10
44.7	10
44.8	10
44.9	10
45	10
