0	0.04371
0.1	0.04806
0.2	0.04893
0.3	0.04601
0.4	0.04569
0.5	0.04564
0.6	0.04589
0.7	0.04666
0.8	0.04593
0.9	0.04277
1	0.03948
1.1	0.03974
1.2	0.03984
1.3	0.04055
1.4	0.04002
1.5	0.03943
1.6	0.03964
1.7	0.04052
1.8	0.04078
1.9	0.04277
2	0.04313
2.1	0.04344
2.2	0.04503
2.3	0.04391
2.4	0.04406
2.5	0.04496
2.6	0.04528
2.7	0.04582
2.8	0.04618
2.9	0.04826
3	0.04753
3.1	0.04663
3.2	0.04728
3.3	0.04784
3.4	0.04678
3.5	0.04497
3.6	0.04509
3.7	0.04646
3.8	0.04617
3.9	0.04762
4	0.04724
4.1	0.04662
4.2	0.04774
4.3	0.04544
4.4	0.04539
4.5	0.0467
4.6	0.04434
4.7	0.0423
4.8	0.0417
4.9	0.04253
5	0.04467
5.1	0.04396
5.2	0.04647
5.3	0.04646
5.4	0.04648
5.5	0.04583
5.6	0.04644
5.7	0.04658
5.8	0.04734
5.9	0.04628
6	0.04586
6.1	0.0446
6.2	0.04596
6.3	0.04351
6.4	0.04534
6.5	0.04633
6.6	0.04507
6.7	0.04358
6.8	0.04416
6.9	0.04492
7	0.04588
7.1	0.04464
7.2	0.04545
7.3	0.04307
7.4	0.04144
7.5	0.04239
7.6	0.04185
7.7	0.04092
7.8	0.04017
7.9	0.03974
8	0.04097
8.1	0.04181
8.2	0.04401
8.3	0.04495
8.4	0.04436
8.5	0.04591
8.6	0.0453
8.7	0.04427
8.8	0.04501
8.9	0.04464
9	0.04491
9.1	0.04412
9.2	0.04483
9.3	0.04524
9.4	0.04531
9.5	0.04535
9.6	0.04634
9.7	0.04611
9.8	0.04542
9.9	0.0451
10	0.04599
10.1	0.0476
10.2	0.04855
10.3	0.04878
10.4	0.05073
10.5	0.05141
10.6	0.05048
10.7	0.04943
10.8	0.04884
10.9	0.04802
11	0.04527
11.1	0.04427
11.2	0.04417
11.3	0.04438
11.4	0.04225
11.5	0.0422
11.6	0.04128
11.7	0.03974
11.8	0.03789
11.9	0.03791
12	0.0387
12.1	0.03914
12.2	0.03873
12.3	0.04392
12.4	0.05793
12.5	0.0755
12.6	0.0948
12.7	0.11947
12.8	0.1353
12.9	0.16156
13	0.22615
13.1	0.30542
13.2	0.39106
13.3	0.47354
13.4	0.54136
13.5	0.60296
13.6	0.65671
13.7	0.7211
13.8	0.7753
13.9	0.85368
14	0.9465
14.1	1.02236
14.2	1.0509
14.3	1.08998
14.4	1.1176
14.5	1.12096
14.6	1.12467
14.7	1.12521
14.8	1.0781
14.9	1.01391
15	0.95135
15.1	0.92552
15.2	0.87697
15.3	0.84826
15.4	0.83735
15.5	0.8081
15.6	0.77216
15.7	0.75671
15.8	0.74297
15.9	0.71825
16	0.65813
16.1	0.61378
16.2	0.60243
16.3	0.57261
16.4	0.53333
16.5	0.51131
16.6	0.50147
16.7	0.47062
16.8	0.4782
16.9	0.49423
17	0.50197
17.1	0.51618
17.2	0.53997
17.3	0.54637
17.4	0.53516
17.5	0.5222
17.6	0.52993
17.7	0.5261
17.8	0.52911
17.9	0.54215
18	0.53034
18.1	0.49018
18.2	0.5047
18.3	0.5096
18.4	0.53238
18.5	0.54333
18.6	0.55775
18.7	0.54642
18.8	0.53448
18.9	0.51299
19	0.5193
19.1	0.50446
19.2	0.49327
19.3	0.4797
19.4	0.46631
19.5	0.43338
19.6	0.4498
19.7	0.44574
19.8	0.43499
19.9	0.46488
20	0.50194
20.1	0.53366
20.2	0.53493
20.3	0.54398
20.4	0.56622
20.5	0.54843
20.6	0.54637
20.7	0.54704
20.8	0.54943
20.9	0.57696
21	0.60386
21.1	0.62035
21.2	0.61076
21.3	0.60181
21.4	0.59874
21.5	0.59224
21.6	0.62439
21.7	0.64694
21.8	0.6635
21.9	0.63582
22	0.59108
22.1	0.56506
22.2	0.54864
22.3	0.54672
22.4	0.53619
22.5	0.49464
22.6	0.46452
22.7	0.43279
22.8	0.47879
22.9	0.50875
23	0.52879
23.1	0.55915
23.2	0.56616
23.3	0.57257
23.4	0.57519
23.5	0.5686
23.6	0.55747
23.7	0.52818
23.8	0.51678
23.9	0.52989
24	0.50503
24.1	0.51743
24.2	0.525
24.3	0.52665
24.4	0.54084
24.5	0.55922
24.6	0.563
24.7	0.56005
24.8	0.55154
24.9	0.54573
25	0.51376
25.1	0.49921
25.2	0.50949
25.3	0.48168
25.4	0.46505
25.5	0.46432
25.6	0.4516
25.7	0.44726
25.8	0.45917
25.9	0.46302
26	0.47805
26.1	0.47926
26.2	0.52063
26.3	0.52308
26.4	0.53264
26.5	0.54263
26.6	0.54705
26.7	0.53948
26.8	0.556
26.9	0.57387
27	0.60111
27.1	0.59362
27.2	0.60417
27.3	0.58777
27.4	0.588
27.5	0.57502
27.6	0.58947
27.7	0.611
27.8	0.62315
27.9	0.60147
28	0.61243
28.1	0.5996
28.2	0.59459
28.3	0.59295
28.4	0.59756
28.5	0.58656
28.6	0.56187
28.7	0.54387
28.8	0.55164
28.9	0.5459
29	0.55422
29.1	0.56837
29.2	0.5913
29.3	0.58606
29.4	0.54552
29.5	0.54555
29.6	0.53631
29.7	0.5447
29.8	0.5748
29.9	0.58657
30	0.59873
30.1	0.61552
30.2	0.64115
30.3	0.67008
30.4	0.68228
30.5	0.73901
30.6	0.78083
30.7	0.8207
30.8	0.87545
30.9	0.93365
31	0.96731
31.1	1.04708
31.2	1.1389
31.3	1.22466
31.4	1.3099
31.5	1.39595
31.6	1.47615
31.7	1.56065
31.8	1.65798
31.9	1.76754
32	1.87667
32.1	1.97567
32.2	2.06385
32.3	2.1724
32.4	2.31747
32.5	2.48401
32.6	2.66721
32.7	2.86986
32.8	3.13224
32.9	3.42464
33	3.71704
33.1	4.02436
33.2	4.4019
33.3	4.79598
33.4	5.18478
33.5	5.59663
33.6	6.09951
33.7	6.57595
33.8	7.02661
33.9	7.48553
34	7.94771
34.1	8.41768
34.2	8.85841
34.3	9.19669
34.4	9.50714
34.5	9.81759
34.6	9.97041
34.7	10
34.8	10
34.9	10
35	10
35.1	10
35.2	10
35.3	10
35.4	10
35.5	10
35.6	10
35.7	10
35.8	10
35.9	10
36	10
36.1	10
36.2	10
36.3	10
36.4	10
36.5	10
36.6	10
36.7	10
36.8	10
36.9	10
37	10
37.1	10
37.2	10
37.3	10
37.4	10
37.5	10
37.6	10
37.7	10
37.8	10
37.9	10
38	10
38.1	10
38.2	10
38.3	10
38.4	10
38.5	10
38.6	10
38.7	10
38.8	10
38.9	10
39	10
39.1	10
39.2	10
39.3	10
39.4	10
39.5	10
39.6	10
39.7	10
39.8	10
39.9	10
40	10
40.1	10
40.2	10
40.3	10
40.4	10
40.5	10
40.6	10
40.7	10
40.8	10
40.9	10
41	10
41.1	10
41.2	10
41.3	10
41.4	10
41.5	10
41.6	10
41.7	10
41.8	10
41.9	10
42	10
42.1	10
42.2	10
42.3	10
42.4	10
42.5	10
42.6	10
42.7	10
42.8	10
42.9	10
43	10
43.1	10
43.2	10
43.3	10
43.4	10
43.5	10
43.6	10
43.7	10
43.8	10
43.9	10
44	10
44.1	10
44.2	10
44.3	10
44.4	10
44.5	10
44.6	10
44.7	10
44.8	10
44.9	10
45	10
