0	0.04409
0.1	0.04744
0.2	0.04885
0.3	0.04582
0.4	0.0459
0.5	0.04583
0.6	0.04639
0.7	0.04709
0.8	0.04531
0.9	0.04418
1	0.04411
1.1	0.04452
1.2	0.04443
1.3	0.0443
1.4	0.04497
1.5	0.04459
1.6	0.04373
1.7	0.0447
1.8	0.04494
1.9	0.04431
2	0.04292
2.1	0.04282
2.2	0.04324
2.3	0.0426
2.4	0.0433
2.5	0.04279
2.6	0.04199
2.7	0.04322
2.8	0.04153
2.9	0.04316
3	0.04321
3.1	0.04335
3.2	0.0438
3.3	0.04234
3.4	0.04253
3.5	0.04341
3.6	0.04293
3.7	0.04343
3.8	0.04338
3.9	0.04482
4	0.04565
4.1	0.04658
4.2	0.04763
4.3	0.04663
4.4	0.04682
4.5	0.04589
4.6	0.04719
4.7	0.04634
4.8	0.04613
4.9	0.04507
5	0.04439
5.1	0.04394
5.2	0.04466
5.3	0.04404
5.4	0.04331
5.5	0.04382
5.6	0.04397
5.7	0.04353
5.8	0.0448
5.9	0.04346
6	0.04265
6.1	0.04348
6.2	0.04341
6.3	0.04308
6.4	0.04163
6.5	0.0414
6.6	0.0409
6.7	0.03929
6.8	0.04052
6.9	0.04169
7	0.04239
7.1	0.04205
7.2	0.0422
7.3	0.04385
7.4	0.04525
7.5	0.04525
7.6	0.04606
7.7	0.04588
7.8	0.04671
7.9	0.04563
8	0.04606
8.1	0.047
8.2	0.04646
8.3	0.04552
8.4	0.0461
8.5	0.04612
8.6	0.04534
8.7	0.04452
8.8	0.0448
8.9	0.04478
9	0.04466
9.1	0.04376
9.2	0.04406
9.3	0.04573
9.4	0.04588
9.5	0.04561
9.6	0.04693
9.7	0.0469
9.8	0.04617
9.9	0.04673
10	0.04867
10.1	0.05105
10.2	0.04941
10.3	0.0501
10.4	0.05269
10.5	0.0511
10.6	0.05074
10.7	0.05158
10.8	0.05118
10.9	0.0502
11	0.04903
11.1	0.05016
11.2	0.05026
11.3	0.0506
11.4	0.0481
11.5	0.04633
11.6	0.04536
11.7	0.04511
11.8	0.04411
11.9	0.04186
12	0.04235
12.1	0.04199
12.2	0.04225
12.3	0.05055
12.4	0.06389
12.5	0.07593
12.6	0.08593
12.7	0.09905
12.8	0.11535
12.9	0.13898
13	0.20625
13.1	0.26845
13.2	0.34195
13.3	0.42716
13.4	0.48652
13.5	0.56717
13.6	0.65147
13.7	0.73333
13.8	0.81336
13.9	0.89148
14	0.971
14.1	1.02386
14.2	1.0486
14.3	1.08758
14.4	1.11065
14.5	1.09067
14.6	1.05446
14.7	1.00946
14.8	0.96835
14.9	0.92231
15	0.86908
15.1	0.83026
15.2	0.79908
15.3	0.77908
15.4	0.75956
15.5	0.73321
15.6	0.71178
15.7	0.70471
15.8	0.70036
15.9	0.68982
16	0.65082
16.1	0.63844
16.2	0.60821
16.3	0.57687
16.4	0.56195
16.5	0.53428
16.6	0.49733
16.7	0.4813
16.8	0.47499
16.9	0.4951
17	0.50144
17.1	0.50283
17.2	0.51793
17.3	0.51683
17.4	0.52252
17.5	0.52726
17.6	0.5339
17.7	0.52487
17.8	0.50749
17.9	0.47902
18	0.4998
18.1	0.48364
18.2	0.4822
18.3	0.48632
18.4	0.48652
18.5	0.47755
18.6	0.47677
18.7	0.47914
18.8	0.48651
18.9	0.47202
19	0.465
19.1	0.45907
19.2	0.45291
19.3	0.45453
19.4	0.44527
19.5	0.44112
19.6	0.44314
19.7	0.47143
19.8	0.50802
19.9	0.54632
20	0.55701
20.1	0.55351
20.2	0.56389
20.3	0.56189
20.4	0.5795
20.5	0.60131
20.6	0.61279
20.7	0.63337
20.8	0.62399
20.9	0.61094
21	0.60898
21.1	0.60458
21.2	0.61101
21.3	0.59774
21.4	0.5932
21.5	0.6091
21.6	0.58161
21.7	0.55464
21.8	0.53668
21.9	0.53602
22	0.54321
22.1	0.53799
22.2	0.51149
22.3	0.48895
22.4	0.48966
22.5	0.51155
22.6	0.53783
22.7	0.55281
22.8	0.56077
22.9	0.54424
23	0.53246
23.1	0.53656
23.2	0.532
23.3	0.50932
23.4	0.51257
23.5	0.49743
23.6	0.49082
23.7	0.50463
23.8	0.5103
23.9	0.52355
24	0.52183
24.1	0.52469
24.2	0.51652
24.3	0.49439
24.4	0.49395
24.5	0.49296
24.6	0.47704
24.7	0.47949
24.8	0.47503
24.9	0.47332
25	0.46857
25.1	0.48338
25.2	0.49351
25.3	0.48973
25.4	0.49639
25.5	0.49303
25.6	0.49788
25.7	0.51334
25.8	0.5056
25.9	0.49308
26	0.48233
26.1	0.48605
26.2	0.48816
26.3	0.49153
26.4	0.51605
26.5	0.53347
26.6	0.52279
26.7	0.55239
26.8	0.56229
26.9	0.58433
27	0.56655
27.1	0.56754
27.2	0.58797
27.3	0.58292
27.4	0.57933
27.5	0.56837
27.6	0.54969
27.7	0.54727
27.8	0.53451
27.9	0.53466
28	0.52572
28.1	0.51949
28.2	0.55139
28.3	0.55581
28.4	0.56604
28.5	0.56656
28.6	0.57222
28.7	0.58569
28.8	0.57471
28.9	0.57615
29	0.57998
29.1	0.58472
29.2	0.61407
29.3	0.63734
29.4	0.65121
29.5	0.66077
29.6	0.65749
29.7	0.68706
29.8	0.72024
29.9	0.75113
30	0.80945
30.1	0.83814
30.2	0.88527
30.3	0.95929
30.4	1.05285
30.5	1.15069
30.6	1.22559
30.7	1.31996
30.8	1.40725
30.9	1.48974
31	1.58274
31.1	1.68728
31.2	1.80134
31.3	1.91362
31.4	2.01837
31.5	2.11953
31.6	2.25255
31.7	2.4222
31.8	2.6112
31.9	2.80841
32	3.04207
32.1	3.36171
32.2	3.70313
32.3	4.04461
32.4	4.4008
32.5	4.81413
32.6	5.19881
32.7	5.58487
32.8	6.01331
32.9	6.47771
33	6.90566
33.1	7.31242
33.2	7.72718
33.3	8.14258
33.4	8.57618
33.5	8.95588
33.6	9.28577
33.7	9.60327
33.8	9.89117
33.9	10
34	10
34.1	10
34.2	10
34.3	10
34.4	10
34.5	10
34.6	10
34.7	10
34.8	10
34.9	10
35	10
35.1	10
35.2	10
35.3	10
35.4	10
35.5	10
35.6	10
35.7	10
35.8	10
35.9	10
36	10
36.1	10
36.2	10
36.3	10
36.4	10
36.5	10
36.6	10
36.7	10
36.8	10
36.9	10
37	10
37.1	10
37.2	10
37.3	10
37.4	10
37.5	10
37.6	10
37.7	10
37.8	10
37.9	10
38	10
38.1	10
38.2	10
38.3	10
38.4	10
38.5	10
38.6	10
38.7	10
38.8	10
38.9	10
39	10
39.1	10
39.2	10
39.3	10
39.4	10
39.5	10
39.6	10
39.7	10
39.8	10
39.9	10
40	10
40.1	10
40.2	10
40.3	10
40.4	10
40.5	10
40.6	10
40.7	10
40.8	10
40.9	10
41	10
41.1	10
41.2	10
41.3	10
41.4	10
41.5	10
41.6	10
41.7	10
41.8	10
41.9	10
42	10
42.1	10
42.2	10
42.3	10
42.4	10
42.5	10
42.6	10
42.7	10
42.8	10
42.9	10
43	10
43.1	10
43.2	10
43.3	10
43.4	10
43.5	10
43.6	10
43.7	10
43.8	10
43.9	10
44	10
44.1	10
44.2	10
44.3	10
44.4	10
44.5	10
44.6	10
44.7	10
44.8	10
44.9	10
45	10
