0	0.04492
0.1	0.04555
0.2	0.045
0.3	0.04229
0.4	0.04233
0.5	0.04353
0.6	0.0441
0.7	0.04279
0.8	0.04162
0.9	0.0402
1	0.04038
1.1	0.04058
1.2	0.03953
1.3	0.0398
1.4	0.03851
1.5	0.03736
1.6	0.03918
1.7	0.03789
1.8	0.03782
1.9	0.03819
2	0.03902
2.1	0.04118
2.2	0.04158
2.3	0.04135
2.4	0.04274
2.5	0.04424
2.6	0.04553
2.7	0.04521
2.8	0.04675
2.9	0.04579
3	0.04568
3.1	0.04494
3.2	0.0458
3.3	0.04527
3.4	0.04262
3.5	0.04062
3.6	0.04137
3.7	0.0386
3.8	0.0386
3.9	0.03941
4	0.04159
4.1	0.04367
4.2	0.04473
4.3	0.04761
4.4	0.04759
4.5	0.04604
4.6	0.04785
4.7	0.04982
4.8	0.04972
4.9	0.04929
5	0.04822
5.1	0.048
5.2	0.04551
5.3	0.04635
5.4	0.04713
5.5	0.04471
5.6	0.04461
5.7	0.04386
5.8	0.04395
5.9	0.04184
6	0.04126
6.1	0.04161
6.2	0.04186
6.3	0.04299
6.4	0.04439
6.5	0.04321
6.6	0.04378
6.7	0.04266
6.8	0.04386
6.9	0.042
7	0.04106
7.1	0.04044
7.2	0.03955
7.3	0.03937
7.4	0.04032
7.5	0.04144
7.6	0.04102
7.7	0.04085
7.8	0.04375
7.9	0.04632
8	0.04577
8.1	0.04583
8.2	0.04538
8.3	0.045
8.4	0.04295
8.5	0.04271
8.6	0.04295
8.7	0.04161
8.8	0.0395
8.9	0.04101
9	0.04084
9.1	0.0418
9.2	0.0436
9.3	0.04575
9.4	0.04788
9.5	0.04749
9.6	0.04918
9.7	0.04887
9.8	0.04757
9.9	0.04957
10	0.05125
10.1	0.05189
10.2	0.0499
10.3	0.04916
10.4	0.05009
10.5	0.04585
10.6	0.04739
10.7	0.04836
10.8	0.04679
10.9	0.04583
11	0.04292
11.1	0.04412
11.2	0.04382
11.3	0.04239
11.4	0.04377
11.5	0.04255
11.6	0.04044
11.7	0.03853
11.8	0.03797
11.9	0.038
12	0.03881
12.1	0.0384
12.2	0.04021
12.3	0.04734
12.4	0.05881
12.5	0.07191
12.6	0.08455
12.7	0.0956
12.8	0.11127
12.9	0.13228
13	0.20065
13.1	0.27659
13.2	0.3466
13.3	0.41112
13.4	0.47105
13.5	0.53508
13.6	0.60736
13.7	0.67746
13.8	0.76886
13.9	0.86672
14	0.93775
14.1	0.98852
14.2	1.02799
14.3	1.06293
14.4	1.10732
14.5	1.08791
14.6	1.04706
14.7	0.99534
14.8	0.94894
14.9	0.89618
15	0.83868
15.1	0.81018
15.2	0.76312
15.3	0.72966
15.4	0.72302
15.5	0.72319
15.6	0.7239
15.7	0.70403
15.8	0.69643
15.9	0.69578
16	0.65591
16.1	0.67071
16.2	0.6432
16.3	0.63397
16.4	0.61383
16.5	0.57353
16.6	0.5591
16.7	0.5497
16.8	0.55995
16.9	0.58742
17	0.58478
17.1	0.58482
17.2	0.55432
17.3	0.53027
17.4	0.53704
17.5	0.55333
17.6	0.54393
17.7	0.52275
17.8	0.506
17.9	0.49609
18	0.50505
18.1	0.49841
18.2	0.50457
18.3	0.4916
18.4	0.47793
18.5	0.46994
18.6	0.43378
18.7	0.41096
18.8	0.39672
18.9	0.38878
19	0.41309
19.1	0.41748
19.2	0.42041
19.3	0.40899
19.4	0.39175
19.5	0.42602
19.6	0.46814
19.7	0.51403
19.8	0.51853
19.9	0.51604
20	0.51576
20.1	0.51764
20.2	0.51283
20.3	0.5302
20.4	0.53977
20.5	0.56419
20.6	0.57567
20.7	0.59467
20.8	0.57217
20.9	0.56512
21	0.56219
21.1	0.57029
21.2	0.5918
21.3	0.59202
21.4	0.56711
21.5	0.54791
21.6	0.53656
21.7	0.53821
21.8	0.53114
21.9	0.53335
22	0.5146
22.1	0.49026
22.2	0.47541
22.3	0.48933
22.4	0.48541
22.5	0.49264
22.6	0.4819
22.7	0.50054
22.8	0.49893
22.9	0.49809
23	0.48302
23.1	0.48462
23.2	0.47936
23.3	0.48124
23.4	0.46586
23.5	0.46765
23.6	0.46596
23.7	0.47543
23.8	0.48547
23.9	0.51082
24	0.49539
24.1	0.49553
24.2	0.49846
24.3	0.49588
24.4	0.49776
24.5	0.49038
24.6	0.47139
24.7	0.48758
24.8	0.4509
24.9	0.45837
25	0.45009
25.1	0.43389
25.2	0.4469
25.3	0.46172
25.4	0.45842
25.5	0.48306
25.6	0.46163
25.7	0.47301
25.8	0.46806
25.9	0.47332
26	0.49672
26.1	0.51944
26.2	0.52326
26.3	0.56585
26.4	0.56982
26.5	0.56792
26.6	0.57294
26.7	0.58505
26.8	0.61227
26.9	0.60808
27	0.6048
27.1	0.61764
27.2	0.58376
27.3	0.56059
27.4	0.56538
27.5	0.5394
27.6	0.53418
27.7	0.52372
27.8	0.51945
27.9	0.52975
28	0.53314
28.1	0.53336
28.2	0.53622
28.3	0.5333
28.4	0.56126
28.5	0.5397
28.6	0.51217
28.7	0.52679
28.8	0.52558
28.9	0.54909
29	0.58545
29.1	0.623
29.2	0.6394
29.3	0.66204
29.4	0.69308
29.5	0.74127
29.6	0.75016
29.7	0.81797
29.8	0.87787
29.9	0.92699
30	0.98952
30.1	1.05886
30.2	1.13116
30.3	1.22593
30.4	1.30165
30.5	1.40368
30.6	1.48076
30.7	1.57201
30.8	1.67669
30.9	1.79204
31	1.90729
31.1	2.0156
31.2	2.11882
31.3	2.25309
31.4	2.4302
31.5	2.62303
31.6	2.82592
31.7	3.06173
31.8	3.38737
31.9	3.74865
32	4.10993
32.1	4.48337
32.2	4.89875
32.3	5.28279
32.4	5.66723
32.5	6.08254
32.6	6.53706
32.7	6.9523
32.8	7.34049
32.9	7.73618
33	8.13248
33.1	8.54681
33.2	8.92607
33.3	9.25876
33.4	9.57911
33.5	9.8816
33.6	10
33.7	10
33.8	10
33.9	10
34	10
34.1	10
34.2	10
34.3	10
34.4	10
34.5	10
34.6	10
34.7	10
34.8	10
34.9	10
35	10
35.1	10
35.2	10
35.3	10
35.4	10
35.5	10
35.6	10
35.7	10
35.8	10
35.9	10
36	10
36.1	10
36.2	10
36.3	10
36.4	10
36.5	10
36.6	10
36.7	10
36.8	10
36.9	10
37	10
37.1	10
37.2	10
37.3	10
37.4	10
37.5	10
37.6	10
37.7	10
37.8	10
37.9	10
38	10
38.1	10
38.2	10
38.3	10
38.4	10
38.5	10
38.6	10
38.7	10
38.8	10
38.9	10
39	10
39.1	10
39.2	10
39.3	10
39.4	10
39.5	10
39.6	10
39.7	10
39.8	10
39.9	10
40	10
40.1	10
40.2	10
40.3	10
40.4	10
40.5	10
40.6	10
40.7	10
40.8	10
40.9	10
41	10
41.1	10
41.2	10
41.3	10
41.4	10
41.5	10
41.6	10
41.7	10
41.8	10
41.9	10
42	10
42.1	10
42.2	10
42.3	10
42.4	10
42.5	10
42.6	10
42.7	10
42.8	10
42.9	10
43	10
43.1	10
43.2	10
43.3	10
43.4	10
43.5	10
43.6	10
43.7	10
43.8	10
43.9	10
44	10
44.1	10
44.2	10
44.3	10
44.4	10
44.5	10
44.6	10
44.7	10
44.8	10
44.9	10
45	10
