0	0.04335
0.1	0.0432
0.2	0.04259
0.3	0.04205
0.4	0.04158
0.5	0.04193
0.6	0.04068
0.7	0.04116
0.8	0.04066
0.9	0.04059
1	0.04007
1.1	0.04158
1.2	0.04223
1.3	0.04311
1.4	0.04354
1.5	0.04525
1.6	0.04498
1.7	0.0452
1.8	0.04529
1.9	0.04535
2	0.0458
2.1	0.04499
2.2	0.04513
2.3	0.04448
2.4	0.04246
2.5	0.04109
2.6	0.04168
2.7	0.04145
2.8	0.04309
2.9	0.04188
3	0.04136
3.1	0.04021
3.2	0.04145
3.3	0.04136
3.4	0.04169
3.5	0.04123
3.6	0.03985
3.7	0.03927
3.8	0.03948
3.9	0.04012
4	0.04102
4.1	0.04108
4.2	0.04254
4.3	0.04339
4.4	0.04374
4.5	0.04478
4.6	0.04612
4.7	0.04601
4.8	0.04488
4.9	0.04534
5	0.0449
5.1	0.04525
5.2	0.04485
5.3	0.04569
5.4	0.04615
5.5	0.04338
5.6	0.04315
5.7	0.04382
5.8	0.04359
5.9	0.04319
6	0.04368
6.1	0.04361
6.2	0.04285
6.3	0.04261
6.4	0.0438
6.5	0.04454
6.6	0.04562
6.7	0.04628
6.8	0.04659
6.9	0.04637
7	0.04716
7.1	0.04644
7.2	0.04523
7.3	0.04552
7.4	0.04515
7.5	0.04615
7.6	0.0464
7.7	0.04544
7.8	0.04524
7.9	0.0446
8	0.04406
8.1	0.04553
8.2	0.0439
8.3	0.04399
8.4	0.04261
8.5	0.04218
8.6	0.04337
8.7	0.04344
8.8	0.04253
8.9	0.04347
9	0.04501
9.1	0.04686
9.2	0.04782
9.3	0.04766
9.4	0.04561
9.5	0.04388
9.6	0.04353
9.7	0.04275
9.8	0.04214
9.9	0.04139
10	0.04121
10.1	0.0409
10.2	0.04332
10.3	0.04925
10.4	0.05372
10.5	0.05134
10.6	0.04595
10.7	0.04021
10.8	0.03531
10.9	0.03422
11	0.03449
11.1	0.03467
11.2	0.03709
11.3	0.04238
11.4	0.04654
11.5	0.04829
11.6	0.04628
11.7	0.04405
11.8	0.04218
11.9	0.04008
12	0.03865
12.1	0.0375
12.2	0.03749
12.3	0.03694
12.4	0.03788
12.5	0.04223
12.6	0.04742
12.7	0.05425
12.8	0.06471
12.9	0.0773
13	0.09317
13.1	0.16075
13.2	0.23871
13.3	0.31208
13.4	0.38091
13.5	0.44499
13.6	0.50758
13.7	0.58243
13.8	0.6582
13.9	0.74669
14	0.80721
14.1	0.88876
14.2	0.98291
14.3	1.06351
14.4	1.13565
14.5	1.1932
14.6	1.2223
14.7	1.19426
14.8	1.15006
14.9	1.10921
15	1.02925
15.1	0.94756
15.2	0.85612
15.3	0.75371
15.4	0.65012
15.5	0.58277
15.6	0.56919
15.7	0.57729
15.8	0.55735
15.9	0.56147
16	0.53007
16.1	0.52969
16.2	0.52801
16.3	0.53616
16.4	0.56793
16.5	0.59908
16.6	0.61934
16.7	0.64206
16.8	0.64634
16.9	0.66333
17	0.66347
17.1	0.66742
17.2	0.66709
17.3	0.64247
17.4	0.62916
17.5	0.62299
17.6	0.59148
17.7	0.56233
17.8	0.54581
17.9	0.53437
18	0.51451
18.1	0.48309
18.2	0.46557
18.3	0.43842
18.4	0.41
18.5	0.41941
18.6	0.42147
18.7	0.43362
18.8	0.44625
18.9	0.47255
19	0.48413
19.1	0.49337
19.2	0.50174
19.3	0.51142
19.4	0.51868
19.5	0.51115
19.6	0.51595
19.7	0.50957
19.8	0.50434
19.9	0.51943
20	0.51973
20.1	0.53861
20.2	0.54792
20.3	0.54337
20.4	0.54718
20.5	0.52477
20.6	0.51373
20.7	0.50321
20.8	0.50212
20.9	0.48065
21	0.45823
21.1	0.45348
21.2	0.46284
21.3	0.48114
21.4	0.49988
21.5	0.52355
21.6	0.54672
21.7	0.56735
21.8	0.59723
21.9	0.60387
22	0.59868
22.1	0.57417
22.2	0.562
22.3	0.57445
22.4	0.57282
22.5	0.56467
22.6	0.54054
22.7	0.53699
22.8	0.55244
22.9	0.56155
23	0.58401
23.1	0.57496
23.2	0.56531
23.3	0.56721
23.4	0.58214
23.5	0.60489
23.6	0.61028
23.7	0.59947
23.8	0.57758
23.9	0.56951
24	0.56089
24.1	0.53631
24.2	0.52462
24.3	0.5149
24.4	0.50748
24.5	0.52105
24.6	0.53009
24.7	0.53712
24.8	0.55442
24.9	0.58066
25	0.60736
25.1	0.60071
25.2	0.59427
25.3	0.59747
25.4	0.57865
25.5	0.54754
25.6	0.53608
25.7	0.53287
25.8	0.53105
25.9	0.5297
26	0.55079
26.1	0.56165
26.2	0.57891
26.3	0.57773
26.4	0.57182
26.5	0.56621
26.6	0.53927
26.7	0.52676
26.8	0.52997
26.9	0.51241
27	0.50642
27.1	0.49413
27.2	0.51055
27.3	0.51637
27.4	0.54998
27.5	0.61065
27.6	0.65223
27.7	0.64132
27.8	0.64804
27.9	0.66205
28	0.6641
28.1	0.64635
28.2	0.6509
28.3	0.6318
28.4	0.61538
28.5	0.61213
28.6	0.61553
28.7	0.59367
28.8	0.57428
28.9	0.57561
29	0.58682
29.1	0.57555
29.2	0.58746
29.3	0.57103
29.4	0.55677
29.5	0.54602
29.6	0.52426
29.7	0.51572
29.8	0.49097
29.9	0.46612
30	0.46323
30.1	0.43597
30.2	0.42428
30.3	0.42289
30.4	0.43671
30.5	0.48614
30.6	0.50821
30.7	0.54852
30.8	0.5786
30.9	0.57904
31	0.56965
31.1	0.54701
31.2	0.53208
31.3	0.5392
31.4	0.51257
31.5	0.51505
31.6	0.48874
31.7	0.47889
31.8	0.47765
31.9	0.47758
32	0.49173
32.1	0.49325
32.2	0.48113
32.3	0.47564
32.4	0.45458
32.5	0.4601
32.6	0.47987
32.7	0.47899
32.8	0.47935
32.9	0.46459
33	0.46847
33.1	0.46299
33.2	0.46165
33.3	0.45092
33.4	0.44977
33.5	0.43459
33.6	0.44509
33.7	0.4538
33.8	0.46961
33.9	0.46934
34	0.48255
34.1	0.48736
34.2	0.51169
34.3	0.52077
34.4	0.5239
34.5	0.5213
34.6	0.51176
34.7	0.51477
34.8	0.5225
34.9	0.51719
35	0.52926
35.1	0.53186
35.2	0.54152
35.3	0.56323
35.4	0.58039
35.5	0.60763
35.6	0.60181
35.7	0.59846
35.8	0.60457
35.9	0.6129
36	0.62291
36.1	0.61552
36.2	0.59929
36.3	0.5852
36.4	0.57936
36.5	0.58671
36.6	0.58804
36.7	0.64254
36.8	0.72159
36.9	0.79782
37	0.85111
37.1	0.91162
37.2	0.97787
37.3	1.03381
37.4	1.11585
37.5	1.19712
37.6	1.2788
37.7	1.35823
37.8	1.44046
37.9	1.5325
38	1.62775
38.1	1.73117
38.2	1.86589
38.3	2.03437
38.4	2.22026
38.5	2.4031
38.6	2.60173
38.7	2.81759
38.8	3.09481
38.9	3.3777
39	3.66116
39.1	3.95978
39.2	4.29071
39.3	4.65203
39.4	5.01355
39.5	5.37867
39.6	5.76808
39.7	6.15262
39.8	6.53689
39.9	6.92427
40	7.33454
40.1	7.72992
40.2	8.10245
40.3	8.47597
40.4	8.85099
40.5	9.22619
40.6	9.44632
40.7	9.60433
40.8	9.73377
40.9	9.8591
41	9.96502
41.1	9.99313
41.2	10
41.3	10
41.4	10
41.5	10
41.6	10
41.7	10
41.8	10
41.9	10
42	10
42.1	10
42.2	10
42.3	10
42.4	10
42.5	10
42.6	10
42.7	10
42.8	10
42.9	10
43	10
43.1	10
43.2	10
43.3	10
43.4	10
43.5	10
43.6	10
43.7	10
43.8	10
43.9	10
44	10
44.1	10
44.2	10
44.3	10
44.4	10
44.5	10
44.6	10
44.7	10
44.8	10
44.9	10
45	10
