0	0.04138
0.1	0.04228
0.2	0.04179
0.3	0.04222
0.4	0.04298
0.5	0.04188
0.6	0.04196
0.7	0.04191
0.8	0.04204
0.9	0.04306
1	0.04346
1.1	0.04362
1.2	0.04257
1.3	0.04264
1.4	0.04307
1.5	0.04305
1.6	0.04484
1.7	0.04612
1.8	0.04477
1.9	0.04402
2	0.04479
2.1	0.04608
2.2	0.04561
2.3	0.04444
2.4	0.04518
2.5	0.04394
2.6	0.04351
2.7	0.04509
2.8	0.04479
2.9	0.04332
3	0.04339
3.1	0.04315
3.2	0.04412
3.3	0.04388
3.4	0.044
3.5	0.04096
3.6	0.04003
3.7	0.04137
3.8	0.04228
3.9	0.04061
4	0.03991
4.1	0.03966
4.2	0.03983
4.3	0.04045
4.4	0.04309
4.5	0.04379
4.6	0.04268
4.7	0.0441
4.8	0.04637
4.9	0.04582
5	0.04669
5.1	0.04526
5.2	0.0438
5.3	0.04268
5.4	0.0441
5.5	0.04557
5.6	0.04345
5.7	0.04239
5.8	0.04272
5.9	0.04251
6	0.04342
6.1	0.04341
6.2	0.04456
6.3	0.04199
6.4	0.04202
6.5	0.04179
6.6	0.04187
6.7	0.04311
6.8	0.04157
6.9	0.0425
7	0.04291
7.1	0.04228
7.2	0.04331
7.3	0.0432
7.4	0.04516
7.5	0.04495
7.6	0.04517
7.7	0.04518
7.8	0.04319
7.9	0.04302
8	0.04298
8.1	0.04283
8.2	0.04228
8.3	0.04112
8.4	0.04122
8.5	0.04132
8.6	0.04211
8.7	0.04303
8.8	0.04307
8.9	0.04437
9	0.04664
9.1	0.04754
9.2	0.04908
9.3	0.04781
9.4	0.04729
9.5	0.04737
9.6	0.04652
9.7	0.0465
9.8	0.04521
9.9	0.04425
10	0.04335
10.1	0.0413
10.2	0.04101
10.3	0.04142
10.4	0.04046
10.5	0.04182
10.6	0.04454
10.7	0.04689
10.8	0.04624
10.9	0.04638
11	0.04826
11.1	0.04738
11.2	0.04403
11.3	0.04319
11.4	0.04049
11.5	0.0394
11.6	0.03866
11.7	0.03928
11.8	0.04011
11.9	0.03847
12	0.03783
12.1	0.03866
12.2	0.04033
12.3	0.04409
12.4	0.04634
12.5	0.04552
12.6	0.03774
12.7	0.02806
12.8	0.01865
12.9	0.0302
13	0.06487
13.1	0.10259
13.2	0.1335
13.3	0.16351
13.4	0.17985
13.5	0.2055
13.6	0.23528
13.7	0.27239
13.8	0.31456
13.9	0.35305
14	0.40398
14.1	0.47892
14.2	0.54836
14.3	0.65644
14.4	0.73253
14.5	0.81383
14.6	0.9224
14.7	0.99622
14.8	0.98352
14.9	0.94
15	0.89534
15.1	0.85279
15.2	0.83256
15.3	0.81334
15.4	0.78813
15.5	0.74169
15.6	0.71556
15.7	0.69782
15.8	0.68747
15.9	0.66696
16	0.6396
16.1	0.61458
16.2	0.60497
16.3	0.5909
16.4	0.58407
16.5	0.56589
16.6	0.55052
16.7	0.50991
16.8	0.48185
16.9	0.44675
17	0.43769
17.1	0.42224
17.2	0.40791
17.3	0.39759
17.4	0.3985
17.5	0.39384
17.6	0.40445
17.7	0.41427
17.8	0.41703
17.9	0.41708
18	0.41012
18.1	0.41975
18.2	0.41039
18.3	0.40964
18.4	0.39938
18.5	0.40152
18.6	0.38465
18.7	0.37959
18.8	0.35819
18.9	0.34868
19	0.31814
19.1	0.30471
19.2	0.32065
19.3	0.34555
19.4	0.36587
19.5	0.38902
19.6	0.41337
19.7	0.43263
19.8	0.45219
19.9	0.45873
20	0.48073
20.1	0.48943
20.2	0.488
20.3	0.45748
20.4	0.45243
20.5	0.44929
20.6	0.44903
20.7	0.46168
20.8	0.47748
20.9	0.47086
21	0.50537
21.1	0.52133
21.2	0.53887
21.3	0.55289
21.4	0.5725
21.5	0.59159
21.6	0.59452
21.7	0.58113
21.8	0.5715
21.9	0.53396
22	0.52493
22.1	0.50356
22.2	0.50087
22.3	0.51825
22.4	0.5329
22.5	0.52519
22.6	0.52399
22.7	0.51436
22.8	0.49521
22.9	0.48887
23	0.52735
23.1	0.52903
23.2	0.5406
23.3	0.53522
23.4	0.53719
23.5	0.54828
23.6	0.53254
23.7	0.54624
23.8	0.55228
23.9	0.52672
24	0.5486
24.1	0.53539
24.2	0.52489
24.3	0.52693
24.4	0.52819
24.5	0.53194
24.6	0.51217
24.7	0.51779
24.8	0.53437
24.9	0.51982
25	0.50251
25.1	0.51087
25.2	0.49693
25.3	0.48123
25.4	0.49293
25.5	0.51477
25.6	0.5136
25.7	0.52592
25.8	0.54258
25.9	0.56012
26	0.5748
26.1	0.55849
26.2	0.53753
26.3	0.52367
26.4	0.51885
26.5	0.54118
26.6	0.56168
26.7	0.58459
26.8	0.59606
26.9	0.54225
27	0.53059
27.1	0.5242
27.2	0.52024
27.3	0.5431
27.4	0.55303
27.5	0.55256
27.6	0.56897
27.7	0.572
27.8	0.59521
27.9	0.61315
28	0.60879
28.1	0.6248
28.2	0.62513
28.3	0.61492
28.4	0.60663
28.5	0.58555
28.6	0.59176
28.7	0.61754
28.8	0.63604
28.9	0.67237
29	0.65159
29.1	0.61927
29.2	0.58809
29.3	0.5801
29.4	0.56615
29.5	0.55751
29.6	0.55333
29.7	0.53808
29.8	0.52926
29.9	0.52906
30	0.5316
30.1	0.53944
30.2	0.54221
30.3	0.56393
30.4	0.56339
30.5	0.5575
30.6	0.55169
30.7	0.52346
30.8	0.52047
30.9	0.52637
31	0.51935
31.1	0.52064
31.2	0.51025
31.3	0.50352
31.4	0.47989
31.5	0.5011
31.6	0.53538
31.7	0.56909
31.8	0.59332
31.9	0.61499
32	0.61772
32.1	0.6023
32.2	0.60713
32.3	0.5954
32.4	0.56956
32.5	0.54845
32.6	0.51819
32.7	0.48055
32.8	0.47594
32.9	0.45746
33	0.47764
33.1	0.48722
33.2	0.50557
33.3	0.51443
33.4	0.52323
33.5	0.52813
33.6	0.54178
33.7	0.55321
33.8	0.58325
33.9	0.62293
34	0.63554
34.1	0.62583
34.2	0.61083
34.3	0.59523
34.4	0.56474
34.5	0.55645
34.6	0.53747
34.7	0.53696
34.8	0.5264
34.9	0.52071
35	0.5188
35.1	0.54252
35.2	0.56157
35.3	0.59181
35.4	0.60444
35.5	0.58914
35.6	0.56193
35.7	0.55985
35.8	0.56761
35.9	0.5627
36	0.5472
36.1	0.5461
36.2	0.56009
36.3	0.54914
36.4	0.5411
36.5	0.53676
36.6	0.54199
36.7	0.53561
36.8	0.5574
36.9	0.57664
37	0.53635
37.1	0.49546
37.2	0.48572
37.3	0.48212
37.4	0.45944
37.5	0.43821
37.6	0.45372
37.7	0.45153
37.8	0.45399
37.9	0.46863
38	0.48202
38.1	0.48909
38.2	0.505
38.3	0.53682
38.4	0.56421
38.5	0.57723
38.6	0.59634
38.7	0.59917
38.8	0.57967
38.9	0.56177
39	0.55643
39.1	0.55391
39.2	0.57939
39.3	0.62072
39.4	0.63077
39.5	0.65381
39.6	0.66471
39.7	0.69279
39.8	0.69978
39.9	0.7211
40	0.74656
40.1	0.76013
40.2	0.79516
40.3	0.87707
40.4	0.94113
40.5	1.0004
40.6	1.04536
40.7	1.13813
40.8	1.20781
40.9	1.29661
41	1.38156
41.1	1.46468
41.2	1.56447
41.3	1.67835
41.4	1.79224
41.5	1.90612
41.6	2.02019
41.7	2.13592
41.8	2.25352
41.9	2.37221
42	2.4909
42.1	2.60959
42.2	2.73538
42.3	2.88417
42.4	3.04471
42.5	3.20875
42.6	3.37279
42.7	3.53683
42.8	3.79137
42.9	4.19849
43	4.61873
43.1	5.04033
43.2	5.46192
43.3	5.89542
43.4	6.35079
43.5	6.82696
43.6	7.30313
43.7	7.7793
43.8	8.2437
43.9	8.61407
44	8.91715
44.1	9.18327
44.2	9.44939
44.3	9.7155
44.4	9.92992
44.5	9.98746
44.6	10
44.7	10
44.8	10
44.9	10
45	10
