0	0.04049
0.1	0.04121
0.2	0.04188
0.3	0.04264
0.4	0.04298
0.5	0.04409
0.6	0.0438
0.7	0.04381
0.8	0.04299
0.9	0.044
1	0.04374
1.1	0.04275
1.2	0.04256
1.3	0.04099
1.4	0.04115
1.5	0.04167
1.6	0.04178
1.7	0.04228
1.8	0.04268
1.9	0.04309
2	0.0435
2.1	0.04327
2.2	0.0436
2.3	0.04167
2.4	0.04172
2.5	0.04191
2.6	0.04208
2.7	0.04276
2.8	0.04156
2.9	0.04228
3	0.04206
3.1	0.04321
3.2	0.04464
3.3	0.0459
3.4	0.04712
3.5	0.04611
3.6	0.04382
3.7	0.04548
3.8	0.04539
3.9	0.04497
4	0.04314
4.1	0.04312
4.2	0.04134
4.3	0.04055
4.4	0.04294
4.5	0.04437
4.6	0.04339
4.7	0.04262
4.8	0.04243
4.9	0.04531
5	0.04423
5.1	0.04469
5.2	0.04635
5.3	0.04622
5.4	0.04593
5.5	0.04674
5.6	0.04732
5.7	0.04953
5.8	0.04876
5.9	0.04881
6	0.04815
6.1	0.04536
6.2	0.04335
6.3	0.04369
6.4	0.04302
6.5	0.04349
6.6	0.0434
6.7	0.04274
6.8	0.04315
6.9	0.04356
7	0.0439
7.1	0.04466
7.2	0.04454
7.3	0.04625
7.4	0.04582
7.5	0.04442
7.6	0.04662
7.7	0.04701
7.8	0.04577
7.9	0.0455
8	0.0453
8.1	0.04543
8.2	0.04467
8.3	0.04506
8.4	0.04594
8.5	0.04338
8.6	0.04304
8.7	0.04421
8.8	0.04433
8.9	0.04449
9	0.04524
9.1	0.04564
9.2	0.0443
9.3	0.04272
9.4	0.04292
9.5	0.04253
9.6	0.04068
9.7	0.04113
9.8	0.04038
9.9	0.04068
10	0.04073
10.1	0.04138
10.2	0.04037
10.3	0.04025
10.4	0.04047
10.5	0.04281
10.6	0.0436
10.7	0.04512
10.8	0.04545
10.9	0.04616
11	0.04584
11.1	0.0447
11.2	0.04294
11.3	0.04052
11.4	0.03955
11.5	0.0395
11.6	0.04026
11.7	0.04028
11.8	0.03978
11.9	0.041
12	0.04204
12.1	0.04256
12.2	0.04376
12.3	0.0445
12.4	0.04527
12.5	0.04495
12.6	0.03814
12.7	0.02941
12.8	0.01981
12.9	0.02522
13	0.05288
13.1	0.09228
13.2	0.13256
13.3	0.17151
13.4	0.19974
13.5	0.22796
13.6	0.25308
13.7	0.28799
13.8	0.33141
13.9	0.37684
14	0.40756
14.1	0.47191
14.2	0.53464
14.3	0.61639
14.4	0.69982
14.5	0.80075
14.6	0.87829
14.7	0.95209
14.8	0.96805
14.9	0.9546
15	0.90062
15.1	0.85844
15.2	0.84913
15.3	0.83672
15.4	0.80329
15.5	0.79677
15.6	0.78582
15.7	0.75962
15.8	0.72645
15.9	0.71414
16	0.69447
16.1	0.64261
16.2	0.60863
16.3	0.59637
16.4	0.5741
16.5	0.54213
16.6	0.52176
16.7	0.48929
16.8	0.44458
16.9	0.40993
17	0.38387
17.1	0.37112
17.2	0.35171
17.3	0.34975
17.4	0.33814
17.5	0.33877
17.6	0.35164
17.7	0.35636
17.8	0.36849
17.9	0.37145
18	0.38928
18.1	0.39745
18.2	0.37932
18.3	0.37617
18.4	0.37111
18.5	0.36156
18.6	0.35921
18.7	0.35087
18.8	0.36116
18.9	0.3474
19	0.33557
19.1	0.32966
19.2	0.32801
19.3	0.32954
19.4	0.36576
19.5	0.40869
19.6	0.42355
19.7	0.43062
19.8	0.45625
19.9	0.49109
20	0.50718
20.1	0.50203
20.2	0.52361
20.3	0.53024
20.4	0.51543
20.5	0.51464
20.6	0.50844
20.7	0.49304
20.8	0.47004
20.9	0.47216
21	0.48214
21.1	0.47879
21.2	0.47369
21.3	0.48775
21.4	0.49866
21.5	0.49403
21.6	0.50423
21.7	0.52126
21.8	0.54367
21.9	0.53512
22	0.51016
22.1	0.48629
22.2	0.46214
22.3	0.45631
22.4	0.46289
22.5	0.49206
22.6	0.50982
22.7	0.50834
22.8	0.51932
22.9	0.51829
23	0.52358
23.1	0.52191
23.2	0.51428
23.3	0.53565
23.4	0.52044
23.5	0.53272
23.6	0.53637
23.7	0.51923
23.8	0.51776
23.9	0.50383
24	0.50088
24.1	0.50793
24.2	0.50455
24.3	0.50865
24.4	0.50425
24.5	0.50495
24.6	0.52997
24.7	0.52547
24.8	0.51814
24.9	0.52666
25	0.52859
25.1	0.52422
25.2	0.53272
25.3	0.52012
25.4	0.5056
25.5	0.48563
25.6	0.48449
25.7	0.501
25.8	0.51285
25.9	0.5088
26	0.52683
26.1	0.52376
26.2	0.5394
26.3	0.55843
26.4	0.56559
26.5	0.53789
26.6	0.51627
26.7	0.48632
26.8	0.50166
26.9	0.52343
27	0.57006
27.1	0.61103
27.2	0.62525
27.3	0.58427
27.4	0.56321
27.5	0.54791
27.6	0.54989
27.7	0.55041
27.8	0.5658
27.9	0.58673
28	0.5815
28.1	0.56967
28.2	0.59383
28.3	0.59012
28.4	0.59985
28.5	0.59941
28.6	0.60672
28.7	0.58897
28.8	0.55309
28.9	0.53057
29	0.51964
29.1	0.52844
29.2	0.56568
29.3	0.59241
29.4	0.61696
29.5	0.60638
29.6	0.59679
29.7	0.58564
29.8	0.58031
29.9	0.57603
30	0.58334
30.1	0.57204
30.2	0.56975
30.3	0.57308
30.4	0.56079
30.5	0.55797
30.6	0.55155
30.7	0.57953
30.8	0.60242
30.9	0.5955
31	0.59533
31.1	0.5885
31.2	0.5714
31.3	0.57798
31.4	0.58154
31.5	0.57964
31.6	0.54192
31.7	0.51336
31.8	0.5067
31.9	0.5057
32	0.49516
32.1	0.51345
32.2	0.52724
32.3	0.52938
32.4	0.57015
32.5	0.59147
32.6	0.617
32.7	0.62256
32.8	0.60187
32.9	0.58724
33	0.56915
33.1	0.55951
33.2	0.55249
33.3	0.51868
33.4	0.49706
33.5	0.46124
33.6	0.49225
33.7	0.51757
33.8	0.54196
33.9	0.54563
34	0.5467
34.1	0.55872
34.2	0.57014
34.3	0.58664
34.4	0.62623
34.5	0.63731
34.6	0.66456
34.7	0.64787
34.8	0.64467
34.9	0.63283
35	0.60127
35.1	0.57004
35.2	0.54262
35.3	0.51657
35.4	0.50035
35.5	0.50948
35.6	0.50456
35.7	0.48377
35.8	0.4876
35.9	0.50737
36	0.52712
36.1	0.56354
36.2	0.57059
36.3	0.56869
36.4	0.55554
36.5	0.55886
36.6	0.57982
36.7	0.5669
36.8	0.56603
36.9	0.57187
37	0.55803
37.1	0.54532
37.2	0.54128
37.3	0.53355
37.4	0.53162
37.5	0.54926
37.6	0.58932
37.7	0.57889
37.8	0.55257
37.9	0.53094
38	0.5019
38.1	0.47779
38.2	0.46712
38.3	0.45504
38.4	0.43722
38.5	0.43064
38.6	0.43173
38.7	0.42589
38.8	0.43437
38.9	0.45753
39	0.4683
39.1	0.48075
39.2	0.49934
39.3	0.50505
39.4	0.51406
39.5	0.52972
39.6	0.53537
39.7	0.50912
39.8	0.5026
39.9	0.50289
40	0.5236
40.1	0.53956
40.2	0.58714
40.3	0.60779
40.4	0.60789
40.5	0.60259
40.6	0.62842
40.7	0.65179
40.8	0.70305
40.9	0.72513
41	0.7826
41.1	0.82314
41.2	0.88572
41.3	0.96019
41.4	1.0321
41.5	1.11482
41.6	1.20245
41.7	1.28297
41.8	1.38486
41.9	1.47841
42	1.59405
42.1	1.71916
42.2	1.84428
42.3	1.96939
42.4	2.0959
42.5	2.22418
42.6	2.35458
42.7	2.48497
42.8	2.61537
42.9	2.75729
43	2.92099
43.1	3.10121
43.2	3.28143
43.3	3.46165
43.4	3.64492
43.5	4.09218
43.6	4.55022
43.7	5.01338
43.8	5.47667
43.9	5.95325
44	6.46122
44.1	6.98435
44.2	7.50747
44.3	8.0306
44.4	8.47568
44.5	8.84396
44.6	9.13632
44.7	9.42867
44.8	9.72103
44.9	9.93679
45	10
