0	0.05029
0.1	0.05005
0.2	0.04879
0.3	0.04619
0.4	0.04597
0.5	0.04675
0.6	0.04671
0.7	0.04619
0.8	0.04492
0.9	0.04482
1	0.0449
1.1	0.0455
1.2	0.04781
1.3	0.04823
1.4	0.0464
1.5	0.04779
1.6	0.04893
1.7	0.04871
1.8	0.04716
1.9	0.04536
2	0.04414
2.1	0.04411
2.2	0.04545
2.3	0.04463
2.4	0.04247
2.5	0.04247
2.6	0.04324
2.7	0.04334
2.8	0.04452
2.9	0.04556
3	0.04537
3.1	0.04381
3.2	0.0438
3.3	0.04474
3.4	0.04485
3.5	0.04562
3.6	0.04539
3.7	0.04594
3.8	0.04621
3.9	0.04596
4	0.04509
4.1	0.04573
4.2	0.04502
4.3	0.04416
4.4	0.04321
4.5	0.04428
4.6	0.04466
4.7	0.045
4.8	0.04426
4.9	0.04575
5	0.04612
5.1	0.04529
5.2	0.04417
5.3	0.04557
5.4	0.04632
5.5	0.0456
5.6	0.04506
5.7	0.04357
5.8	0.04159
5.9	0.04185
6	0.04191
6.1	0.04222
6.2	0.04272
6.3	0.04236
6.4	0.04338
6.5	0.04284
6.6	0.04338
6.7	0.04343
6.8	0.04262
6.9	0.04194
7	0.04275
7.1	0.0407
7.2	0.0397
7.3	0.03919
7.4	0.03917
7.5	0.03957
7.6	0.04001
7.7	0.04112
7.8	0.04274
7.9	0.04356
8	0.04469
8.1	0.04419
8.2	0.04445
8.3	0.0449
8.4	0.04643
8.5	0.04637
8.6	0.04587
8.7	0.0445
8.8	0.04319
8.9	0.04311
9	0.04412
9.1	0.04497
9.2	0.0463
9.3	0.04646
9.4	0.04752
9.5	0.0467
9.6	0.04709
9.7	0.04853
9.8	0.05023
9.9	0.05242
10	0.05428
10.1	0.05673
10.2	0.05815
10.3	0.05888
10.4	0.05887
10.5	0.05951
10.6	0.0594
10.7	0.05732
10.8	0.05702
10.9	0.0552
11	0.05315
11.1	0.05236
11.2	0.04743
11.3	0.04457
11.4	0.04133
11.5	0.03679
11.6	0.03504
11.7	0.0338
11.8	0.03236
11.9	0.03373
12	0.03307
12.1	0.03402
12.2	0.03515
12.3	0.03544
12.4	0.03607
12.5	0.03486
12.6	0.03398
12.7	0.03416
12.8	0.08141
12.9	0.14577
13	0.21274
13.1	0.27791
13.2	0.33101
13.3	0.41755
13.4	0.51907
13.5	0.58893
13.6	0.67003
13.7	0.73348
13.8	0.7685
13.9	0.83496
14	0.88858
14.1	0.97133
14.2	1.02005
14.3	0.9704
14.4	0.94255
14.5	0.92291
14.6	0.90424
14.7	0.85895
14.8	0.80506
14.9	0.77141
15	0.72992
15.1	0.71461
15.2	0.66851
15.3	0.61305
15.4	0.54061
15.5	0.49079
15.6	0.49592
15.7	0.48727
15.8	0.49434
15.9	0.49591
16	0.4815
16.1	0.48627
16.2	0.46843
16.3	0.47171
16.4	0.46026
16.5	0.41903
16.6	0.38855
16.7	0.35031
16.8	0.36923
16.9	0.38756
17	0.4106
17.1	0.41433
17.2	0.43002
17.3	0.42795
17.4	0.45808
17.5	0.46407
17.6	0.48752
17.7	0.49377
17.8	0.49303
17.9	0.50869
18	0.51771
18.1	0.48513
18.2	0.48305
18.3	0.46932
18.4	0.48761
18.5	0.49448
18.6	0.49604
18.7	0.51422
18.8	0.49898
18.9	0.50024
19	0.48089
19.1	0.44104
19.2	0.42711
19.3	0.43778
19.4	0.43453
19.5	0.43649
19.6	0.44492
19.7	0.46422
19.8	0.47764
19.9	0.48402
20	0.49091
20.1	0.46841
20.2	0.4666
20.3	0.48767
20.4	0.51563
20.5	0.51157
20.6	0.49178
20.7	0.44746
20.8	0.42562
20.9	0.4703
21	0.50449
21.1	0.53239
21.2	0.5385
21.3	0.53708
21.4	0.54957
21.5	0.52375
21.6	0.51532
21.7	0.49044
21.8	0.46682
21.9	0.48654
22	0.4972
22.1	0.48638
22.2	0.4758
22.3	0.47257
22.4	0.49759
22.5	0.55135
22.6	0.61516
22.7	0.70911
22.8	0.78653
22.9	0.88752
23	0.98014
23.1	1.04968
23.2	1.10451
23.3	1.14261
23.4	1.21003
23.5	1.32568
23.6	1.44783
23.7	1.57503
23.8	1.70463
23.9	1.84093
24	1.9788
24.1	2.11667
24.2	2.2713
24.3	2.49783
24.4	2.76148
24.5	3.02513
24.6	3.30811
24.7	3.73876
24.8	4.28884
24.9	4.83893
25	5.38901
25.1	5.86916
25.2	6.26819
25.3	6.66722
25.4	7.06625
25.5	7.4209
25.6	7.69431
25.7	7.96006
25.8	8.22581
25.9	8.51698
26	8.86617
26.1	9.23197
26.2	9.59778
26.3	9.90595
26.4	10
26.5	10
26.6	10
26.7	10
26.8	10
26.9	10
27	10
27.1	10
27.2	10
27.3	10
27.4	10
27.5	10
27.6	10
27.7	10
27.8	10
27.9	10
28	10
28.1	10
28.2	10
28.3	10
28.4	10
28.5	10
28.6	10
28.7	10
28.8	10
28.9	10
29	10
29.1	10
29.2	10
29.3	10
29.4	10
29.5	10
29.6	10
29.7	10
29.8	10
29.9	10
30	10
30.1	10
30.2	10
30.3	10
30.4	10
30.5	10
30.6	10
30.7	10
30.8	10
30.9	10
31	10
31.1	10
31.2	10
31.3	10
31.4	10
31.5	10
31.6	10
31.7	10
31.8	10
31.9	10
32	10
32.1	10
32.2	10
32.3	10
32.4	10
32.5	10
32.6	10
32.7	10
32.8	10
32.9	10
33	10
33.1	10
33.2	10
33.3	10
33.4	10
33.5	10
33.6	10
33.7	10
33.8	10
33.9	10
34	10
34.1	10
34.2	10
34.3	10
34.4	10
34.5	10
34.6	10
34.7	10
34.8	10
34.9	10
35	10
35.1	10
35.2	10
35.3	10
35.4	10
35.5	10
35.6	10
35.7	10
35.8	10
35.9	10
36	10
36.1	10
36.2	10
36.3	10
36.4	10
36.5	10
36.6	10
36.7	10
36.8	10
36.9	10
37	10
37.1	10
37.2	10
37.3	10
37.4	10
37.5	10
37.6	10
37.7	10
37.8	10
37.9	10
38	10
38.1	10
38.2	10
38.3	10
38.4	10
38.5	10
38.6	10
38.7	10
38.8	10
38.9	10
39	10
39.1	10
39.2	10
39.3	10
39.4	10
39.5	10
39.6	10
39.7	10
39.8	10
39.9	10
40	10
40.1	10
40.2	10
40.3	10
40.4	10
40.5	10
40.6	10
40.7	10
40.8	10
40.9	10
41	10
41.1	10
41.2	10
41.3	10
41.4	10
41.5	10
41.6	10
41.7	10
41.8	10
41.9	10
42	10
42.1	10
42.2	10
42.3	10
42.4	10
42.5	10
42.6	10
42.7	10
42.8	10
42.9	10
43	10
43.1	10
43.2	10
43.3	10
43.4	10
43.5	10
43.6	10
43.7	10
43.8	10
43.9	10
44	10
44.1	10
44.2	10
44.3	10
44.4	10
44.5	10
44.6	10
44.7	10
44.8	10
44.9	10
45	10
