0	0.04165
0.1	0.04306
0.2	0.0434
0.3	0.04312
0.4	0.04193
0.5	0.04239
0.6	0.04216
0.7	0.04384
0.8	0.043
0.9	0.04165
1	0.04011
1.1	0.03957
1.2	0.0405
1.3	0.04207
1.4	0.04218
1.5	0.0428
1.6	0.04335
1.7	0.04233
1.8	0.04254
1.9	0.04235
2	0.04291
2.1	0.04275
2.2	0.04191
2.3	0.04064
2.4	0.03961
2.5	0.04051
2.6	0.04095
2.7	0.04133
2.8	0.0424
2.9	0.04156
3	0.04087
3.1	0.04014
3.2	0.04136
3.3	0.04153
3.4	0.04122
3.5	0.04368
3.6	0.04246
3.7	0.04232
3.8	0.04432
3.9	0.04394
4	0.0444
4.1	0.04561
4.2	0.04488
4.3	0.04408
4.4	0.04434
4.5	0.04647
4.6	0.04849
4.7	0.0467
4.8	0.04653
4.9	0.04547
5	0.04246
5.1	0.04283
5.2	0.04311
5.3	0.04142
5.4	0.04101
5.5	0.03808
5.6	0.03838
5.7	0.04002
5.8	0.04372
5.9	0.04503
6	0.04339
6.1	0.04498
6.2	0.04456
6.3	0.04319
6.4	0.04326
6.5	0.04404
6.6	0.04321
6.7	0.04004
6.8	0.04083
6.9	0.04142
7	0.04014
7.1	0.04164
7.2	0.04152
7.3	0.04442
7.4	0.04235
7.5	0.04344
7.6	0.04501
7.7	0.04581
7.8	0.04664
7.9	0.04721
8	0.0455
8.1	0.04728
8.2	0.04572
8.3	0.04502
8.4	0.04412
8.5	0.04383
8.6	0.04188
8.7	0.04205
8.8	0.04119
8.9	0.04314
9	0.04477
9.1	0.04566
9.2	0.04906
9.3	0.04842
9.4	0.04742
9.5	0.04877
9.6	0.04899
9.7	0.0486
9.8	0.04866
9.9	0.04846
10	0.05125
10.1	0.05484
10.2	0.05571
10.3	0.0563
10.4	0.05319
10.5	0.05233
10.6	0.05122
10.7	0.05061
10.8	0.04933
10.9	0.04723
11	0.0459
11.1	0.04554
11.2	0.04357
11.3	0.04209
11.4	0.0393
11.5	0.03736
11.6	0.03519
11.7	0.03422
11.8	0.03395
11.9	0.03258
12	0.03265
12.1	0.03362
12.2	0.03349
12.3	0.03488
12.4	0.03393
12.5	0.03354
12.6	0.03321
12.7	0.03231
12.8	0.06175
12.9	0.11721
13	0.17835
13.1	0.24791
13.2	0.31051
13.3	0.39391
13.4	0.47343
13.5	0.54202
13.6	0.62349
13.7	0.72147
13.8	0.80818
13.9	0.85769
14	0.90371
14.1	0.94251
14.2	0.99885
14.3	1.01844
14.4	0.99326
14.5	0.9555
14.6	0.91656
14.7	0.87709
14.8	0.84968
14.9	0.80564
15	0.79139
15.1	0.77175
15.2	0.73433
15.3	0.69723
15.4	0.65168
15.5	0.58559
15.6	0.53921
15.7	0.49507
15.8	0.49435
15.9	0.47731
16	0.46999
16.1	0.46913
16.2	0.47125
16.3	0.46743
16.4	0.46179
16.5	0.44926
16.6	0.44973
16.7	0.44183
16.8	0.4221
16.9	0.40227
17	0.37947
17.1	0.37805
17.2	0.40836
17.3	0.4345
17.4	0.44052
17.5	0.45619
17.6	0.46694
17.7	0.48571
17.8	0.49164
17.9	0.50601
18	0.52465
18.1	0.52039
18.2	0.52945
18.3	0.54268
18.4	0.54916
18.5	0.55388
18.6	0.51425
18.7	0.49085
18.8	0.47594
18.9	0.47459
19	0.48291
19.1	0.47539
19.2	0.48315
19.3	0.50309
19.4	0.51315
19.5	0.53773
19.6	0.53111
19.7	0.49649
19.8	0.48298
19.9	0.46592
20	0.47413
20.1	0.47705
20.2	0.45728
20.3	0.45112
20.4	0.43412
20.5	0.4386
20.6	0.46115
20.7	0.45197
20.8	0.45658
20.9	0.46986
21	0.47413
21.1	0.51133
21.2	0.52131
21.3	0.53799
21.4	0.51237
21.5	0.47713
21.6	0.45626
21.7	0.46297
21.8	0.47067
21.9	0.50165
22	0.51854
22.1	0.51893
22.2	0.52926
22.3	0.5304
22.4	0.53975
22.5	0.54389
22.6	0.52847
22.7	0.50297
22.8	0.52068
22.9	0.53696
23	0.56423
23.1	0.55754
23.2	0.58108
23.3	0.55765
23.4	0.54355
23.5	0.58975
23.6	0.66375
23.7	0.70686
23.8	0.7518
23.9	0.84625
24	0.92958
24.1	0.96661
24.2	1.04432
24.3	1.08083
24.4	1.12588
24.5	1.17227
24.6	1.27466
24.7	1.40195
24.8	1.52595
24.9	1.65236
25	1.78362
25.1	1.91931
25.2	2.05501
25.3	2.19071
25.4	2.37158
25.5	2.63107
25.6	2.89056
25.7	3.15006
25.8	3.47742
25.9	3.98204
26	4.52344
26.1	5.06484
26.2	5.58419
26.3	6.02044
26.4	6.41317
26.5	6.8059
26.6	7.19434
26.7	7.51253
26.8	7.77409
26.9	8.03564
27	8.2972
27.1	8.59658
27.2	8.95289
27.3	9.31292
27.4	9.67296
27.5	9.93857
27.6	10
27.7	10
27.8	10
27.9	10
28	10
28.1	10
28.2	10
28.3	10
28.4	10
28.5	10
28.6	10
28.7	10
28.8	10
28.9	10
29	10
29.1	10
29.2	10
29.3	10
29.4	10
29.5	10
29.6	10
29.7	10
29.8	10
29.9	10
30	10
30.1	10
30.2	10
30.3	10
30.4	10
30.5	10
30.6	10
30.7	10
30.8	10
30.9	10
31	10
31.1	10
31.2	10
31.3	10
31.4	10
31.5	10
31.6	10
31.7	10
31.8	10
31.9	10
32	10
32.1	10
32.2	10
32.3	10
32.4	10
32.5	10
32.6	10
32.7	10
32.8	10
32.9	10
33	10
33.1	10
33.2	10
33.3	10
33.4	10
33.5	10
33.6	10
33.7	10
33.8	10
33.9	10
34	10
34.1	10
34.2	10
34.3	10
34.4	10
34.5	10
34.6	10
34.7	10
34.8	10
34.9	10
35	10
35.1	10
35.2	10
35.3	10
35.4	10
35.5	10
35.6	10
35.7	10
35.8	10
35.9	10
36	10
36.1	10
36.2	10
36.3	10
36.4	10
36.5	10
36.6	10
36.7	10
36.8	10
36.9	10
37	10
37.1	10
37.2	10
37.3	10
37.4	10
37.5	10
37.6	10
37.7	10
37.8	10
37.9	10
38	10
38.1	10
38.2	10
38.3	10
38.4	10
38.5	10
38.6	10
38.7	10
38.8	10
38.9	10
39	10
39.1	10
39.2	10
39.3	10
39.4	10
39.5	10
39.6	10
39.7	10
39.8	10
39.9	10
40	10
40.1	10
40.2	10
40.3	10
40.4	10
40.5	10
40.6	10
40.7	10
40.8	10
40.9	10
41	10
41.1	10
41.2	10
41.3	10
41.4	10
41.5	10
41.6	10
41.7	10
41.8	10
41.9	10
42	10
42.1	10
42.2	10
42.3	10
42.4	10
42.5	10
42.6	10
42.7	10
42.8	10
42.9	10
43	10
43.1	10
43.2	10
43.3	10
43.4	10
43.5	10
43.6	10
43.7	10
43.8	10
43.9	10
44	10
44.1	10
44.2	10
44.3	10
44.4	10
44.5	10
44.6	10
44.7	10
44.8	10
44.9	10
45	10
