0	0.04971
0.1	0.04821
0.2	0.04798
0.3	0.04654
0.4	0.04727
0.5	0.04728
0.6	0.04699
0.7	0.04643
0.8	0.04615
0.9	0.04536
1	0.04535
1.1	0.04439
1.2	0.04419
1.3	0.04215
1.4	0.04142
1.5	0.04166
1.6	0.04148
1.7	0.04129
1.8	0.04136
1.9	0.0423
2	0.04189
2.1	0.04065
2.2	0.0405
2.3	0.04038
2.4	0.03965
2.5	0.04106
2.6	0.0408
2.7	0.04075
2.8	0.0395
2.9	0.04056
3	0.04344
3.1	0.04369
3.2	0.04433
3.3	0.04531
3.4	0.04579
3.5	0.0473
3.6	0.04651
3.7	0.04793
3.8	0.04662
3.9	0.04606
4	0.04758
4.1	0.04607
4.2	0.04592
4.3	0.04472
4.4	0.0436
4.5	0.04357
4.6	0.04279
4.7	0.04394
4.8	0.04223
4.9	0.04187
5	0.04175
5.1	0.04094
5.2	0.0404
5.3	0.04168
5.4	0.04254
5.5	0.0423
5.6	0.04254
5.7	0.0447
5.8	0.04433
5.9	0.04501
6	0.0455
6.1	0.04541
6.2	0.04415
6.3	0.04337
6.4	0.04425
6.5	0.04442
6.6	0.04357
6.7	0.04368
6.8	0.04251
6.9	0.04235
7	0.04163
7.1	0.04233
7.2	0.04462
7.3	0.04438
7.4	0.04397
7.5	0.04318
7.6	0.042
7.7	0.04299
7.8	0.04161
7.9	0.04314
8	0.04133
8.1	0.03847
8.2	0.03851
8.3	0.03944
8.4	0.03994
8.5	0.04145
8.6	0.04115
8.7	0.04252
8.8	0.04245
8.9	0.04401
9	0.04845
9.1	0.04937
9.2	0.05007
9.3	0.05143
9.4	0.05082
9.5	0.04966
9.6	0.04948
9.7	0.05009
9.8	0.0509
9.9	0.05061
10	0.05298
10.1	0.05386
10.2	0.05652
10.3	0.05967
10.4	0.06085
10.5	0.05827
10.6	0.0544
10.7	0.05318
10.8	0.05236
10.9	0.05059
11	0.05041
11.1	0.04732
11.2	0.04504
11.3	0.04334
11.4	0.04234
11.5	0.04273
11.6	0.03976
11.7	0.03745
11.8	0.03574
11.9	0.0354
12	0.03718
12.1	0.03747
12.2	0.03749
12.3	0.03788
12.4	0.03713
12.5	0.03669
12.6	0.03632
12.7	0.03591
12.8	0.03795
12.9	0.09397
13	0.14848
13.1	0.2096
13.2	0.27276
13.3	0.33388
13.4	0.41505
13.5	0.49668
13.6	0.56578
13.7	0.65195
13.8	0.73632
13.9	0.8024
14	0.85344
14.1	0.91448
14.2	0.96087
14.3	1.01291
14.4	0.97725
14.5	0.95676
14.6	0.93811
14.7	0.90795
14.8	0.88272
14.9	0.86133
15	0.83147
15.1	0.80653
15.2	0.7909
15.3	0.77154
15.4	0.74256
15.5	0.70539
15.6	0.66202
15.7	0.6113
15.8	0.55755
15.9	0.52147
16	0.48551
16.1	0.46849
16.2	0.46657
16.3	0.46892
16.4	0.46035
16.5	0.46976
16.6	0.47626
16.7	0.49394
16.8	0.49136
16.9	0.49404
17	0.49031
17.1	0.48382
17.2	0.46264
17.3	0.44348
17.4	0.42023
17.5	0.39862
17.6	0.36718
17.7	0.35601
17.8	0.36155
17.9	0.37817
18	0.37011
18.1	0.39662
18.2	0.41389
18.3	0.42317
18.4	0.4374
18.5	0.45553
18.6	0.48136
18.7	0.49056
18.8	0.50236
18.9	0.5327
19	0.52476
19.1	0.54041
19.2	0.55152
19.3	0.55133
19.4	0.54223
19.5	0.51781
19.6	0.50899
19.7	0.48121
19.8	0.47101
19.9	0.4753
20	0.47606
20.1	0.47919
20.2	0.4688
20.3	0.46936
20.4	0.47204
20.5	0.4649
20.6	0.46857
20.7	0.45968
20.8	0.4437
20.9	0.41587
21	0.41797
21.1	0.43948
21.2	0.44532
21.3	0.45028
21.4	0.47358
21.5	0.4722
21.6	0.48288
21.7	0.49665
21.8	0.50385
21.9	0.48817
22	0.48286
22.1	0.47668
22.2	0.47311
22.3	0.47991
22.4	0.49233
22.5	0.49673
22.6	0.50433
22.7	0.48
22.8	0.46165
22.9	0.44097
23	0.41945
23.1	0.43706
23.2	0.45665
23.3	0.48381
23.4	0.50336
23.5	0.51902
23.6	0.53022
23.7	0.54876
23.8	0.55031
23.9	0.54664
24	0.53933
24.1	0.5202
24.2	0.50665
24.3	0.5093
24.4	0.50749
24.5	0.52258
24.6	0.53996
24.7	0.55174
24.8	0.55243
24.9	0.53871
25	0.52541
25.1	0.50826
25.2	0.53478
25.3	0.58899
25.4	0.64434
25.5	0.67389
25.6	0.73112
25.7	0.78946
25.8	0.86462
25.9	0.92297
26	0.99339
26.1	1.05334
26.2	1.10458
26.3	1.14445
26.4	1.2318
26.5	1.354
26.6	1.46776
26.7	1.58735
26.8	1.71196
26.9	1.84309
27	1.97539
27.1	2.10769
27.2	2.25237
27.3	2.45935
27.4	2.71235
27.5	2.96535
27.6	3.21836
27.7	3.5696
27.8	4.09746
27.9	4.62533
28	5.15319
28.1	5.65058
28.2	6.06489
28.3	6.4478
28.4	6.83071
28.5	7.20707
28.6	7.51597
28.7	7.77099
28.8	8.026
28.9	8.28102
29	8.56966
29.1	8.91261
29.2	9.26364
29.3	9.61467
29.4	9.90695
29.5	10
29.6	10
29.7	10
29.8	10
29.9	10
30	10
30.1	10
30.2	10
30.3	10
30.4	10
30.5	10
30.6	10
30.7	10
30.8	10
30.9	10
31	10
31.1	10
31.2	10
31.3	10
31.4	10
31.5	10
31.6	10
31.7	10
31.8	10
31.9	10
32	10
32.1	10
32.2	10
32.3	10
32.4	10
32.5	10
32.6	10
32.7	10
32.8	10
32.9	10
33	10
33.1	10
33.2	10
33.3	10
33.4	10
33.5	10
33.6	10
33.7	10
33.8	10
33.9	10
34	10
34.1	10
34.2	10
34.3	10
34.4	10
34.5	10
34.6	10
34.7	10
34.8	10
34.9	10
35	10
35.1	10
35.2	10
35.3	10
35.4	10
35.5	10
35.6	10
35.7	10
35.8	10
35.9	10
36	10
36.1	10
36.2	10
36.3	10
36.4	10
36.5	10
36.6	10
36.7	10
36.8	10
36.9	10
37	10
37.1	10
37.2	10
37.3	10
37.4	10
37.5	10
37.6	10
37.7	10
37.8	10
37.9	10
38	10
38.1	10
38.2	10
38.3	10
38.4	10
38.5	10
38.6	10
38.7	10
38.8	10
38.9	10
39	10
39.1	10
39.2	10
39.3	10
39.4	10
39.5	10
39.6	10
39.7	10
39.8	10
39.9	10
40	10
40.1	10
40.2	10
40.3	10
40.4	10
40.5	10
40.6	10
40.7	10
40.8	10
40.9	10
41	10
41.1	10
41.2	10
41.3	10
41.4	10
41.5	10
41.6	10
41.7	10
41.8	10
41.9	10
42	10
42.1	10
42.2	10
42.3	10
42.4	10
42.5	10
42.6	10
42.7	10
42.8	10
42.9	10
43	10
43.1	10
43.2	10
43.3	10
43.4	10
43.5	10
43.6	10
43.7	10
43.8	10
43.9	10
44	10
44.1	10
44.2	10
44.3	10
44.4	10
44.5	10
44.6	10
44.7	10
44.8	10
44.9	10
45	10
