0	0.04503
0.1	0.0462
0.2	0.04539
0.3	0.04337
0.4	0.04402
0.5	0.04373
0.6	0.0427
0.7	0.04368
0.8	0.04364
0.9	0.04427
1	0.04405
1.1	0.04449
1.2	0.04405
1.3	0.04277
1.4	0.043
1.5	0.04156
1.6	0.04094
1.7	0.04042
1.8	0.04071
1.9	0.04071
2	0.0399
2.1	0.04102
2.2	0.04096
2.3	0.04049
2.4	0.04068
2.5	0.03997
2.6	0.04126
2.7	0.04176
2.8	0.04073
2.9	0.04046
3	0.04099
3.1	0.04014
3.2	0.04123
3.3	0.04134
3.4	0.04213
3.5	0.04211
3.6	0.04226
3.7	0.04346
3.8	0.04421
3.9	0.04429
4	0.04455
4.1	0.04406
4.2	0.0463
4.3	0.04642
4.4	0.04596
4.5	0.04479
4.6	0.04393
4.7	0.04427
4.8	0.04456
4.9	0.04462
5	0.04482
5.1	0.04397
5.2	0.04415
5.3	0.04356
5.4	0.04393
5.5	0.04551
5.6	0.04511
5.7	0.04511
5.8	0.045
5.9	0.04482
6	0.04259
6.1	0.04055
6.2	0.04006
6.3	0.03981
6.4	0.03773
6.5	0.03817
6.6	0.03856
6.7	0.03836
6.8	0.03738
6.9	0.03812
7	0.0409
7.1	0.04214
7.2	0.04252
7.3	0.04359
7.4	0.04491
7.5	0.04435
7.6	0.04498
7.7	0.04544
7.8	0.04684
7.9	0.04594
8	0.04677
8.1	0.04605
8.2	0.04703
8.3	0.04576
8.4	0.04528
8.5	0.04594
8.6	0.04607
8.7	0.0449
8.8	0.04271
8.9	0.04332
9	0.04421
9.1	0.04551
9.2	0.04614
9.3	0.04666
9.4	0.04655
9.5	0.04638
9.6	0.0448
9.7	0.04487
9.8	0.04276
9.9	0.0441
10	0.0429
10.1	0.04608
10.2	0.0499
10.3	0.05441
10.4	0.05269
10.5	0.05271
10.6	0.05292
10.7	0.05532
10.8	0.05447
10.9	0.05322
11	0.05021
11.1	0.04817
11.2	0.04413
11.3	0.04251
11.4	0.04304
11.5	0.04166
11.6	0.03838
11.7	0.03679
11.8	0.0355
11.9	0.03496
12	0.03518
12.1	0.03595
12.2	0.03789
12.3	0.03765
12.4	0.03831
12.5	0.03713
12.6	0.03714
12.7	0.03732
12.8	0.03912
12.9	0.07973
13	0.14275
13.1	0.20856
13.2	0.27244
13.3	0.33632
13.4	0.41513
13.5	0.49521
13.6	0.58051
13.7	0.65612
13.8	0.73355
13.9	0.81217
14	0.84491
14.1	0.90433
14.2	0.96057
14.3	1.01531
14.4	1.03603
14.5	0.99827
14.6	0.9527
14.7	0.93329
14.8	0.8977
14.9	0.90403
15	0.89162
15.1	0.84925
15.2	0.83182
15.3	0.7954
15.4	0.7918
15.5	0.76507
15.6	0.75106
15.7	0.73487
15.8	0.71377
15.9	0.648
16	0.62992
16.1	0.57651
16.2	0.54523
16.3	0.52359
16.4	0.51775
16.5	0.49571
16.6	0.49272
16.7	0.4605
16.8	0.48657
16.9	0.48165
17	0.50116
17.1	0.49856
17.2	0.49285
17.3	0.47719
17.4	0.47731
17.5	0.46488
17.6	0.45985
17.7	0.43018
17.8	0.40575
17.9	0.37987
18	0.35997
18.1	0.35434
18.2	0.37241
18.3	0.38627
18.4	0.39666
18.5	0.40583
18.6	0.40957
18.7	0.42189
18.8	0.43683
18.9	0.43958
19	0.45456
19.1	0.46758
19.2	0.47908
19.3	0.49854
19.4	0.5169
19.5	0.54354
19.6	0.56245
19.7	0.56109
19.8	0.58419
19.9	0.57524
20	0.58358
20.1	0.55982
20.2	0.53288
20.3	0.51576
20.4	0.4961
20.5	0.4697
20.6	0.47027
20.7	0.45369
20.8	0.45814
20.9	0.44707
21	0.4484
21.1	0.46927
21.2	0.46809
21.3	0.45422
21.4	0.45899
21.5	0.45173
21.6	0.44812
21.7	0.43992
21.8	0.42363
21.9	0.43783
22	0.44508
22.1	0.4556
22.2	0.48151
22.3	0.49129
22.4	0.49726
22.5	0.50925
22.6	0.50427
22.7	0.50805
22.8	0.50328
22.9	0.49249
23	0.48357
23.1	0.47856
23.2	0.46902
23.3	0.46704
23.4	0.45124
23.5	0.47562
23.6	0.48146
23.7	0.48092
23.8	0.47632
23.9	0.4647
24	0.44565
24.1	0.44613
24.2	0.4462
24.3	0.48526
24.4	0.49142
24.5	0.52537
24.6	0.55555
24.7	0.56482
24.8	0.55759
24.9	0.55542
25	0.55023
25.1	0.56277
25.2	0.55456
25.3	0.5309
25.4	0.49493
25.5	0.4674
25.6	0.44848
25.7	0.47186
25.8	0.49572
25.9	0.52146
26	0.52479
26.1	0.5143
26.2	0.53046
26.3	0.527
26.4	0.53291
26.5	0.51078
26.6	0.5245
26.7	0.53939
26.8	0.56481
26.9	0.58875
27	0.63079
27.1	0.67287
27.2	0.72682
27.3	0.77799
27.4	0.86059
27.5	0.92373
27.6	0.9978
27.7	1.0393
27.8	1.10015
27.9	1.16914
28	1.26976
28.1	1.3925
28.2	1.50765
28.3	1.62783
28.4	1.7516
28.5	1.88117
28.6	2.01073
28.7	2.14029
28.8	2.29121
28.9	2.5112
29	2.75896
29.1	3.00672
29.2	3.26002
29.3	3.63403
29.4	4.15095
29.5	4.66788
29.6	5.1848
29.7	5.66893
29.8	6.07195
29.9	6.44693
30	6.8219
30.1	7.19285
30.2	7.49954
30.3	7.74927
30.4	7.999
30.5	8.24873
30.6	8.52516
30.7	8.85363
30.8	9.19738
30.9	9.54114
31	9.86897
31.1	10
31.2	10
31.3	10
31.4	10
31.5	10
31.6	10
31.7	10
31.8	10
31.9	10
32	10
32.1	10
32.2	10
32.3	10
32.4	10
32.5	10
32.6	10
32.7	10
32.8	10
32.9	10
33	10
33.1	10
33.2	10
33.3	10
33.4	10
33.5	10
33.6	10
33.7	10
33.8	10
33.9	10
34	10
34.1	10
34.2	10
34.3	10
34.4	10
34.5	10
34.6	10
34.7	10
34.8	10
34.9	10
35	10
35.1	10
35.2	10
35.3	10
35.4	10
35.5	10
35.6	10
35.7	10
35.8	10
35.9	10
36	10
36.1	10
36.2	10
36.3	10
36.4	10
36.5	10
36.6	10
36.7	10
36.8	10
36.9	10
37	10
37.1	10
37.2	10
37.3	10
37.4	10
37.5	10
37.6	10
37.7	10
37.8	10
37.9	10
38	10
38.1	10
38.2	10
38.3	10
38.4	10
38.5	10
38.6	10
38.7	10
38.8	10
38.9	10
39	10
39.1	10
39.2	10
39.3	10
39.4	10
39.5	10
39.6	10
39.7	10
39.8	10
39.9	10
40	10
40.1	10
40.2	10
40.3	10
40.4	10
40.5	10
40.6	10
40.7	10
40.8	10
40.9	10
41	10
41.1	10
41.2	10
41.3	10
41.4	10
41.5	10
41.6	10
41.7	10
41.8	10
41.9	10
42	10
42.1	10
42.2	10
42.3	10
42.4	10
42.5	10
42.6	10
42.7	10
42.8	10
42.9	10
43	10
43.1	10
43.2	10
43.3	10
43.4	10
43.5	10
43.6	10
43.7	10
43.8	10
43.9	10
44	10
44.1	10
44.2	10
44.3	10
44.4	10
44.5	10
44.6	10
44.7	10
44.8	10
44.9	10
45	10
