0	0.04169
0.1	0.04332
0.2	0.04566
0.3	0.04422
0.4	0.04449
0.5	0.04542
0.6	0.04559
0.7	0.0465
0.8	0.04658
0.9	0.04602
1	0.04418
1.1	0.0421
1.2	0.04248
1.3	0.04141
1.4	0.04164
1.5	0.03997
1.6	0.04085
1.7	0.04125
1.8	0.04263
1.9	0.04491
2	0.04613
2.1	0.04564
2.2	0.0448
2.3	0.04374
2.4	0.04349
2.5	0.04337
2.6	0.04229
2.7	0.04137
2.8	0.04141
2.9	0.04168
3	0.04155
3.1	0.04346
3.2	0.04423
3.3	0.04554
3.4	0.04543
3.5	0.04506
3.6	0.04535
3.7	0.04477
3.8	0.04397
3.9	0.04367
4	0.0412
4.1	0.03958
4.2	0.03986
4.3	0.03958
4.4	0.0388
4.5	0.03819
4.6	0.03713
4.7	0.0382
4.8	0.03899
4.9	0.04243
5	0.04336
5.1	0.04316
5.2	0.04367
5.3	0.04599
5.4	0.04823
5.5	0.04961
5.6	0.04912
5.7	0.04874
5.8	0.04651
5.9	0.04598
6	0.04624
6.1	0.04504
6.2	0.0436
6.3	0.04202
6.4	0.04095
6.5	0.04144
6.6	0.0418
6.7	0.04379
6.8	0.04411
6.9	0.04533
7	0.04605
7.1	0.04663
7.2	0.0461
7.3	0.04725
7.4	0.04705
7.5	0.04807
7.6	0.04748
7.7	0.04778
7.8	0.04672
7.9	0.04791
8	0.04804
8.1	0.04811
8.2	0.04974
8.3	0.05064
8.4	0.05086
8.5	0.05068
8.6	0.05101
8.7	0.04896
8.8	0.04847
8.9	0.04767
9	0.04751
9.1	0.04527
9.2	0.04543
9.3	0.04406
9.4	0.04262
9.5	0.04274
9.6	0.04378
9.7	0.04139
9.8	0.04206
9.9	0.04268
10	0.04512
10.1	0.04463
10.2	0.04839
10.3	0.05231
10.4	0.05133
10.5	0.05151
10.6	0.05285
10.7	0.0539
10.8	0.05503
10.9	0.05495
11	0.05457
11.1	0.05237
11.2	0.05021
11.3	0.04861
11.4	0.04851
11.5	0.04527
11.6	0.04333
11.7	0.04091
11.8	0.03932
11.9	0.03858
12	0.03884
12.1	0.04055
12.2	0.04443
12.3	0.05016
12.4	0.06146
12.5	0.07107
12.6	0.08135
12.7	0.08925
12.8	0.10102
12.9	0.125
13	0.18985
13.1	0.25212
13.2	0.30442
13.3	0.36228
13.4	0.41924
13.5	0.48808
13.6	0.56555
13.7	0.63864
13.8	0.73032
13.9	0.84171
14	0.9179
14.1	0.98568
14.2	1.04586
14.3	1.09075
14.4	1.11152
14.5	1.09391
14.6	1.05895
14.7	1.02888
14.8	0.96582
14.9	0.9312
15	0.9
15.1	0.85642
15.2	0.83626
15.3	0.83281
15.4	0.80973
15.5	0.79186
15.6	0.77875
15.7	0.78248
15.8	0.75926
15.9	0.738
16	0.71828
16.1	0.67903
16.2	0.65223
16.3	0.61548
16.4	0.6153
16.5	0.58465
16.6	0.56614
16.7	0.55817
16.8	0.57707
16.9	0.5658
17	0.55688
17.1	0.53745
17.2	0.54297
17.3	0.52039
17.4	0.51802
17.5	0.5234
17.6	0.51313
17.7	0.48652
17.8	0.4995
17.9	0.49865
18	0.50889
18.1	0.49602
18.2	0.47696
18.3	0.46537
18.4	0.4564
18.5	0.43448
18.6	0.42128
18.7	0.4064
18.8	0.40449
18.9	0.40616
19	0.41929
19.1	0.4366
19.2	0.4321
19.3	0.43861
19.4	0.4786
19.5	0.52193
19.6	0.54496
19.7	0.57159
19.8	0.58087
19.9	0.57388
20	0.56592
20.1	0.57373
20.2	0.59633
20.3	0.62458
20.4	0.62913
20.5	0.62072
20.6	0.6121
20.7	0.61051
20.8	0.61156
20.9	0.61415
21	0.61841
21.1	0.58862
21.2	0.55385
21.3	0.51875
21.4	0.51091
21.5	0.49516
21.6	0.48527
21.7	0.48152
21.8	0.4718
21.9	0.45863
22	0.47106
22.1	0.49124
22.2	0.50372
22.3	0.51105
22.4	0.52586
22.5	0.52484
22.6	0.50456
22.7	0.47671
22.8	0.47489
22.9	0.47783
23	0.48295
23.1	0.48706
23.2	0.49155
23.3	0.48998
23.4	0.49042
23.5	0.50074
23.6	0.52134
23.7	0.51592
23.8	0.5096
23.9	0.49682
24	0.48002
24.1	0.47725
24.2	0.47358
24.3	0.4672
24.4	0.46606
24.5	0.45468
24.6	0.46679
24.7	0.46725
24.8	0.46877
24.9	0.49128
25	0.49729
25.1	0.48564
25.2	0.47819
25.3	0.46202
25.4	0.45534
25.5	0.45287
25.6	0.463
25.7	0.48593
25.8	0.49344
25.9	0.50152
26	0.52799
26.1	0.54282
26.2	0.55755
26.3	0.5651
26.4	0.57042
26.5	0.58432
26.6	0.57634
26.7	0.56924
26.8	0.57106
26.9	0.55988
27	0.56812
27.1	0.54951
27.2	0.53861
27.3	0.5317
27.4	0.53679
27.5	0.55667
27.6	0.55416
27.7	0.56441
27.8	0.55988
27.9	0.56548
28	0.55132
28.1	0.53612
28.2	0.52165
28.3	0.54361
28.4	0.5717
28.5	0.60448
28.6	0.61286
28.7	0.66028
28.8	0.66976
28.9	0.71291
29	0.77035
29.1	0.8343
29.2	0.86691
29.3	0.91194
29.4	0.96314
29.5	1.02786
29.6	1.08563
29.7	1.1597
29.8	1.24785
29.9	1.34646
30	1.44703
30.1	1.54822
30.2	1.6546
30.3	1.77194
30.4	1.89119
30.5	2.00609
30.6	2.11485
30.7	2.24648
30.8	2.43966
30.9	2.6425
31	2.85687
31.1	3.09351
31.2	3.42514
31.3	3.82675
31.4	4.22819
31.5	4.63654
31.6	5.05842
31.7	5.45146
31.8	5.83279
31.9	6.22706
32	6.66297
32.1	7.05413
32.2	7.4059
32.3	7.76238
32.4	8.12007
32.5	8.49454
32.6	8.86649
32.7	9.20375
32.8	9.52988
32.9	9.84942
33	9.99835
33.1	10
33.2	10
33.3	10
33.4	10
33.5	10
33.6	10
33.7	10
33.8	10
33.9	10
34	10
34.1	10
34.2	10
34.3	10
34.4	10
34.5	10
34.6	10
34.7	10
34.8	10
34.9	10
35	10
35.1	10
35.2	10
35.3	10
35.4	10
35.5	10
35.6	10
35.7	10
35.8	10
35.9	10
36	10
36.1	10
36.2	10
36.3	10
36.4	10
36.5	10
36.6	10
36.7	10
36.8	10
36.9	10
37	10
37.1	10
37.2	10
37.3	10
37.4	10
37.5	10
37.6	10
37.7	10
37.8	10
37.9	10
38	10
38.1	10
38.2	10
38.3	10
38.4	10
38.5	10
38.6	10
38.7	10
38.8	10
38.9	10
39	10
39.1	10
39.2	10
39.3	10
39.4	10
39.5	10
39.6	10
39.7	10
39.8	10
39.9	10
40	10
40.1	10
40.2	10
40.3	10
40.4	10
40.5	10
40.6	10
40.7	10
40.8	10
40.9	10
41	10
41.1	10
41.2	10
41.3	10
41.4	10
41.5	10
41.6	10
41.7	10
41.8	10
41.9	10
42	10
42.1	10
42.2	10
42.3	10
42.4	10
42.5	10
42.6	10
42.7	10
42.8	10
42.9	10
43	10
43.1	10
43.2	10
43.3	10
43.4	10
43.5	10
43.6	10
43.7	10
43.8	10
43.9	10
44	10
44.1	10
44.2	10
44.3	10
44.4	10
44.5	10
44.6	10
44.7	10
44.8	10
44.9	10
45	10
