0	0.0393
0.1	0.04586
0.2	0.0477
0.3	0.04207
0.4	0.04205
0.5	0.0438
0.6	0.04455
0.7	0.04492
0.8	0.04214
0.9	0.04081
1	0.03796
1.1	0.0386
1.2	0.04018
1.3	0.04198
1.4	0.0418
1.5	0.0444
1.6	0.04292
1.7	0.04394
1.8	0.04642
1.9	0.04627
2	0.04589
2.1	0.04674
2.2	0.04545
2.3	0.04534
2.4	0.04236
2.5	0.044
2.6	0.0445
2.7	0.04011
2.8	0.03952
2.9	0.03913
3	0.03899
3.1	0.03964
3.2	0.0371
3.3	0.03765
3.4	0.0397
3.5	0.03894
3.6	0.04018
3.7	0.04142
3.8	0.0417
3.9	0.0408
4	0.04071
4.1	0.04279
4.2	0.0427
4.3	0.04026
4.4	0.04172
4.5	0.04094
4.6	0.04094
4.7	0.04048
4.8	0.04124
4.9	0.04279
5	0.04324
5.1	0.04212
5.2	0.04203
5.3	0.03979
5.4	0.04109
5.5	0.04108
5.6	0.04135
5.7	0.04056
5.8	0.04156
5.9	0.04143
6	0.04141
6.1	0.04197
6.2	0.04248
6.3	0.04414
6.4	0.0431
6.5	0.04383
6.6	0.04409
6.7	0.04405
6.8	0.04493
6.9	0.04709
7	0.04791
7.1	0.04751
7.2	0.045
7.3	0.04583
7.4	0.04631
7.5	0.04803
7.6	0.04599
7.7	0.04565
7.8	0.04522
7.9	0.04507
8	0.04562
8.1	0.04563
8.2	0.04629
8.3	0.04457
8.4	0.04361
8.5	0.04317
8.6	0.04226
8.7	0.04277
8.8	0.04154
8.9	0.0422
9	0.0438
9.1	0.04429
9.2	0.0458
9.3	0.04422
9.4	0.0451
9.5	0.04454
9.6	0.04252
9.7	0.04273
9.8	0.04264
9.9	0.04183
10	0.04169
10.1	0.04171
10.2	0.04299
10.3	0.04313
10.4	0.04428
10.5	0.04577
10.6	0.04674
10.7	0.04636
10.8	0.04685
10.9	0.04644
11	0.0465
11.1	0.04762
11.2	0.04917
11.3	0.04911
11.4	0.04908
11.5	0.04716
11.6	0.0462
11.7	0.04557
11.8	0.04464
11.9	0.04453
12	0.04275
12.1	0.0419
12.2	0.04238
12.3	0.04551
12.4	0.06817
12.5	0.09483
12.6	0.12261
12.7	0.14801
12.8	0.16786
12.9	0.20213
13	0.27823
13.1	0.34952
13.2	0.41831
13.3	0.49248
13.4	0.53075
13.5	0.57965
13.6	0.64624
13.7	0.73457
13.8	0.78917
13.9	0.86165
14	0.99221
14.1	1.09961
14.2	1.13143
14.3	1.1587
14.4	1.17017
14.5	1.1882
14.6	1.17126
14.7	1.14848
14.8	1.12113
14.9	1.07432
15	1.03085
15.1	0.99589
15.2	0.93503
15.3	0.88454
15.4	0.83215
15.5	0.8091
15.6	0.81407
15.7	0.78785
15.8	0.75458
15.9	0.72402
16	0.70832
16.1	0.7081
16.2	0.71654
16.3	0.68337
16.4	0.64892
16.5	0.61145
16.6	0.60056
16.7	0.58854
16.8	0.59172
16.9	0.58291
17	0.56564
17.1	0.55462
17.2	0.56185
17.3	0.58168
17.4	0.59158
17.5	0.58206
17.6	0.56105
17.7	0.54298
17.8	0.5202
17.9	0.52046
18	0.53821
18.1	0.55118
18.2	0.54214
18.3	0.5353
18.4	0.5276
18.5	0.52825
18.6	0.52747
18.7	0.53614
18.8	0.53533
18.9	0.51568
19	0.48906
19.1	0.48091
19.2	0.47022
19.3	0.4638
19.4	0.44757
19.5	0.45551
19.6	0.4323
19.7	0.44578
19.8	0.43943
19.9	0.46179
20	0.48133
20.1	0.47401
20.2	0.47633
20.3	0.52021
20.4	0.57736
20.5	0.64725
20.6	0.66674
20.7	0.6691
20.8	0.6548
20.9	0.64275
21	0.65538
21.1	0.65006
21.2	0.66586
21.3	0.67263
21.4	0.68366
21.5	0.68714
21.6	0.66248
21.7	0.64807
21.8	0.60441
21.9	0.5819
22	0.56684
22.1	0.58504
22.2	0.59533
22.3	0.62823
22.4	0.60849
22.5	0.5916
22.6	0.56085
22.7	0.56466
22.8	0.54886
22.9	0.54234
23	0.51567
23.1	0.51249
23.2	0.4531
23.3	0.45046
23.4	0.45355
23.5	0.49236
23.6	0.52691
23.7	0.56537
23.8	0.59874
23.9	0.6184
24	0.60778
24.1	0.64009
24.2	0.6242
24.3	0.62162
24.4	0.61897
24.5	0.60102
24.6	0.59496
24.7	0.56077
24.8	0.53575
24.9	0.54659
25	0.54214
25.1	0.54602
25.2	0.55095
25.3	0.558
25.4	0.56864
25.5	0.55612
25.6	0.55412
25.7	0.54937
25.8	0.52779
25.9	0.51926
26	0.53796
26.1	0.53236
26.2	0.51521
26.3	0.49972
26.4	0.50209
26.5	0.5006
26.6	0.49711
26.7	0.51632
26.8	0.52793
26.9	0.54943
27	0.55801
27.1	0.55787
27.2	0.57771
27.3	0.54978
27.4	0.56597
27.5	0.5719
27.6	0.58757
27.7	0.611
27.8	0.60986
27.9	0.61499
28	0.60202
28.1	0.56285
28.2	0.60924
28.3	0.61591
28.4	0.63543
28.5	0.61877
28.6	0.61351
28.7	0.60955
28.8	0.60921
28.9	0.60504
29	0.61884
29.1	0.5907
29.2	0.58812
29.3	0.58132
29.4	0.59319
29.5	0.58143
29.6	0.58398
29.7	0.58019
29.8	0.60417
29.9	0.63507
30	0.65403
30.1	0.67102
30.2	0.68607
30.3	0.69288
30.4	0.68169
30.5	0.63585
30.6	0.62105
30.7	0.62241
30.8	0.64379
30.9	0.66605
31	0.67457
31.1	0.67359
31.2	0.67311
31.3	0.68459
31.4	0.70576
31.5	0.72381
31.6	0.75142
31.7	0.78411
31.8	0.82193
31.9	0.86629
32	0.88814
32.1	0.92454
32.2	1.02413
32.3	1.13856
32.4	1.2401
32.5	1.33671
32.6	1.39679
32.7	1.45124
32.8	1.51213
32.9	1.59386
33	1.69525
33.1	1.79843
33.2	1.89251
33.3	1.972
33.4	2.04734
33.5	2.14233
33.6	2.26012
33.7	2.42067
33.8	2.58196
33.9	2.76373
34	2.98204
34.1	3.19781
34.2	3.41826
34.3	3.66122
34.4	4.06949
34.5	4.46223
34.6	4.85769
34.7	5.33613
34.8	5.88047
34.9	6.40956
35	6.93048
35.1	7.46539
35.2	8.00137
35.3	8.54444
35.4	8.97773
35.5	9.30398
35.6	9.60341
35.7	9.88923
35.8	9.99264
35.9	10
36	10
36.1	10
36.2	10
36.3	10
36.4	10
36.5	10
36.6	10
36.7	10
36.8	10
36.9	10
37	10
37.1	10
37.2	10
37.3	10
37.4	10
37.5	10
37.6	10
37.7	10
37.8	10
37.9	10
38	10
38.1	10
38.2	10
38.3	10
38.4	10
38.5	10
38.6	10
38.7	10
38.8	10
38.9	10
39	10
39.1	10
39.2	10
39.3	10
39.4	10
39.5	10
39.6	10
39.7	10
39.8	10
39.9	10
40	10
40.1	10
40.2	10
40.3	10
40.4	10
40.5	10
40.6	10
40.7	10
40.8	10
40.9	10
41	10
41.1	10
41.2	10
41.3	10
41.4	10
41.5	10
41.6	10
41.7	10
41.8	10
41.9	10
42	10
42.1	10
42.2	10
42.3	10
42.4	10
42.5	10
42.6	10
42.7	10
42.8	10
42.9	10
43	10
43.1	10
43.2	10
43.3	10
43.4	10
43.5	10
43.6	10
43.7	10
43.8	10
43.9	10
44	10
44.1	10
44.2	10
44.3	10
44.4	10
44.5	10
44.6	10
44.7	10
44.8	10
44.9	10
45	10
