0	0.04053
0.1	0.04468
0.2	0.04635
0.3	0.0431
0.4	0.04466
0.5	0.04577
0.6	0.04793
0.7	0.04744
0.8	0.04377
0.9	0.04119
1	0.04106
1.1	0.04257
1.2	0.04185
1.3	0.04361
1.4	0.04361
1.5	0.04399
1.6	0.04426
1.7	0.04663
1.8	0.04747
1.9	0.04659
2	0.04697
2.1	0.04659
2.2	0.04635
2.3	0.04771
2.4	0.04673
2.5	0.04785
2.6	0.04682
2.7	0.04556
2.8	0.04479
2.9	0.04352
3	0.04232
3.1	0.04213
3.2	0.04014
3.3	0.04047
3.4	0.03956
3.5	0.04119
3.6	0.04292
3.7	0.04487
3.8	0.04593
3.9	0.04604
4	0.0449
4.1	0.04485
4.2	0.04515
4.3	0.04608
4.4	0.04601
4.5	0.04576
4.6	0.04479
4.7	0.04309
4.8	0.04591
4.9	0.04659
5	0.04576
5.1	0.04699
5.2	0.04386
5.3	0.04346
5.4	0.04308
5.5	0.04154
5.6	0.04179
5.7	0.04159
5.8	0.04286
5.9	0.04329
6	0.0414
6.1	0.04217
6.2	0.04267
6.3	0.04039
6.4	0.04093
6.5	0.04187
6.6	0.04177
6.7	0.04249
6.8	0.04409
6.9	0.04552
7	0.04719
7.1	0.04537
7.2	0.04755
7.3	0.04926
7.4	0.0493
7.5	0.04895
7.6	0.04581
7.7	0.04483
7.8	0.04244
7.9	0.04181
8	0.042
8.1	0.04151
8.2	0.0416
8.3	0.04191
8.4	0.04177
8.5	0.04156
8.6	0.04067
8.7	0.04396
8.8	0.0445
8.9	0.04495
9	0.04437
9.1	0.04275
9.2	0.04253
9.3	0.04297
9.4	0.04437
9.5	0.04554
9.6	0.04167
9.7	0.04072
9.8	0.04247
9.9	0.04262
10	0.04415
10.1	0.04286
10.2	0.04137
10.3	0.03984
10.4	0.03949
10.5	0.04132
10.6	0.04227
10.7	0.04125
10.8	0.04165
10.9	0.04155
11	0.04443
11.1	0.04571
11.2	0.04794
11.3	0.05026
11.4	0.05133
11.5	0.04894
11.6	0.04887
11.7	0.04833
11.8	0.0467
11.9	0.04521
12	0.04592
12.1	0.04535
12.2	0.04191
12.3	0.04511
12.4	0.06501
12.5	0.0908
12.6	0.12447
12.7	0.1572
12.8	0.19371
12.9	0.22672
13	0.27537
13.1	0.37153
13.2	0.4579
13.3	0.54369
13.4	0.60688
13.5	0.65908
13.6	0.69696
13.7	0.71227
13.8	0.7546
13.9	0.87514
14	0.98647
14.1	1.09396
14.2	1.15914
14.3	1.1987
14.4	1.21024
14.5	1.22922
14.6	1.24187
14.7	1.23194
14.8	1.19535
14.9	1.13445
15	1.07287
15.1	0.99671
15.2	0.92455
15.3	0.86637
15.4	0.78023
15.5	0.71979
15.6	0.71768
15.7	0.71497
15.8	0.70903
15.9	0.72495
16	0.75646
16.1	0.73924
16.2	0.72542
16.3	0.72235
16.4	0.68605
16.5	0.64214
16.6	0.61887
16.7	0.6014
16.8	0.5754
16.9	0.5491
17	0.53941
17.1	0.5166
17.2	0.50437
17.3	0.5222
17.4	0.54522
17.5	0.56209
17.6	0.60244
17.7	0.62993
17.8	0.63929
17.9	0.6308
18	0.61283
18.1	0.62976
18.2	0.63395
18.3	0.62253
18.4	0.63654
18.5	0.62256
18.6	0.58845
18.7	0.55775
18.8	0.54837
18.9	0.55739
19	0.55972
19.1	0.57415
19.2	0.57496
19.3	0.56094
19.4	0.55659
19.5	0.56191
19.6	0.57467
19.7	0.56695
19.8	0.57206
19.9	0.55977
20	0.53403
20.1	0.51843
20.2	0.50328
20.3	0.47677
20.4	0.46703
20.5	0.44803
20.6	0.44381
20.7	0.44003
20.8	0.49135
20.9	0.56094
21	0.63137
21.1	0.66723
21.2	0.67358
21.3	0.66637
21.4	0.66909
21.5	0.64362
21.6	0.63737
21.7	0.63323
21.8	0.6467
21.9	0.66425
22	0.68764
22.1	0.67578
22.2	0.65985
22.3	0.62956
22.4	0.64852
22.5	0.63394
22.6	0.61824
22.7	0.63448
22.8	0.65954
22.9	0.66891
23	0.68498
23.1	0.66204
23.2	0.62586
23.3	0.54625
23.4	0.52
23.5	0.51566
23.6	0.5025
23.7	0.48217
23.8	0.45321
23.9	0.43908
24	0.40784
24.1	0.44102
24.2	0.51171
24.3	0.55638
24.4	0.60588
24.5	0.62994
24.6	0.65952
24.7	0.68386
24.8	0.65436
24.9	0.67157
25	0.65632
25.1	0.63644
25.2	0.64792
25.3	0.61954
25.4	0.60313
25.5	0.564
25.6	0.5188
25.7	0.53494
25.8	0.53431
25.9	0.55486
26	0.56245
26.1	0.54326
26.2	0.56024
26.3	0.54222
26.4	0.5417
26.5	0.53663
26.6	0.51119
26.7	0.49714
26.8	0.48183
26.9	0.47535
27	0.4835
27.1	0.4421
27.2	0.44597
27.3	0.43171
27.4	0.41687
27.5	0.43879
27.6	0.44553
27.7	0.44788
27.8	0.46212
27.9	0.46231
28	0.50041
28.1	0.49501
28.2	0.51427
28.3	0.52989
28.4	0.53853
28.5	0.56687
28.6	0.5822
28.7	0.60281
28.8	0.62656
28.9	0.6344
29	0.64699
29.1	0.62214
29.2	0.64088
29.3	0.6393
29.4	0.64755
29.5	0.66442
29.6	0.66159
29.7	0.65996
29.8	0.66604
29.9	0.65797
30	0.65308
30.1	0.63613
30.2	0.60826
30.3	0.60217
30.4	0.62089
30.5	0.64563
30.6	0.64431
30.7	0.6207
30.8	0.60218
30.9	0.61646
31	0.62842
31.1	0.65588
31.2	0.66938
31.3	0.67555
31.4	0.67317
31.5	0.70936
31.6	0.69866
31.7	0.68694
31.8	0.65293
31.9	0.61263
32	0.63323
32.1	0.63195
32.2	0.64422
32.3	0.66926
32.4	0.66488
32.5	0.66967
32.6	0.66838
32.7	0.67255
32.8	0.68377
32.9	0.69823
33	0.7455
33.1	0.76677
33.2	0.80024
33.3	0.82193
33.4	0.86786
33.5	0.91087
33.6	0.99962
33.7	1.13793
33.8	1.25474
33.9	1.34528
34	1.4087
34.1	1.44597
34.2	1.48345
34.3	1.54898
34.4	1.63631
34.5	1.73147
34.6	1.82032
34.7	1.89258
34.8	1.94293
34.9	1.99328
35	2.0652
35.1	2.17745
35.2	2.31222
35.3	2.44635
35.4	2.57793
35.5	2.70092
35.6	2.82392
35.7	2.97093
35.8	3.25269
35.9	3.65137
36	4.05083
36.1	4.45465
36.2	5.05307
36.3	5.65737
36.4	6.26168
36.5	6.87421
36.6	7.49822
36.7	8.12341
36.8	8.74861
36.9	9.12726
37	9.43116
37.1	9.71724
37.2	9.93352
37.3	10
37.4	10
37.5	10
37.6	10
37.7	10
37.8	10
37.9	10
38	10
38.1	10
38.2	10
38.3	10
38.4	10
38.5	10
38.6	10
38.7	10
38.8	10
38.9	10
39	10
39.1	10
39.2	10
39.3	10
39.4	10
39.5	10
39.6	10
39.7	10
39.8	10
39.9	10
40	10
40.1	10
40.2	10
40.3	10
40.4	10
40.5	10
40.6	10
40.7	10
40.8	10
40.9	10
41	10
41.1	10
41.2	10
41.3	10
41.4	10
41.5	10
41.6	10
41.7	10
41.8	10
41.9	10
42	10
42.1	10
42.2	10
42.3	10
42.4	10
42.5	10
42.6	10
42.7	10
42.8	10
42.9	10
43	10
43.1	10
43.2	10
43.3	10
43.4	10
43.5	10
43.6	10
43.7	10
43.8	10
43.9	10
44	10
44.1	10
44.2	10
44.3	10
44.4	10
44.5	10
44.6	10
44.7	10
44.8	10
44.9	10
45	10
