0	0.04149
0.1	0.04645
0.2	0.04831
0.3	0.04464
0.4	0.04576
0.5	0.04673
0.6	0.04622
0.7	0.04587
0.8	0.04394
0.9	0.04115
1	0.03936
1.1	0.0406
1.2	0.03954
1.3	0.04192
1.4	0.04149
1.5	0.04203
1.6	0.04326
1.7	0.04386
1.8	0.04423
1.9	0.0448
2	0.04395
2.1	0.04353
2.2	0.0413
2.3	0.04081
2.4	0.04072
2.5	0.03868
2.6	0.03872
2.7	0.03935
2.8	0.03919
2.9	0.04092
3	0.04249
3.1	0.04226
3.2	0.0427
3.3	0.04186
3.4	0.044
3.5	0.04318
3.6	0.04325
3.7	0.0427
3.8	0.04152
3.9	0.04043
4	0.04059
4.1	0.04246
4.2	0.04299
4.3	0.04157
4.4	0.0423
4.5	0.0416
4.6	0.04166
4.7	0.04446
4.8	0.04632
4.9	0.04875
5	0.04719
5.1	0.04758
5.2	0.04923
5.3	0.047
5.4	0.04605
5.5	0.04632
5.6	0.04345
5.7	0.04209
5.8	0.04214
5.9	0.04206
6	0.04338
6.1	0.04371
6.2	0.04682
6.3	0.04856
6.4	0.05036
6.5	0.04947
6.6	0.05017
6.7	0.04817
6.8	0.04806
6.9	0.0471
7	0.04576
7.1	0.04437
7.2	0.04396
7.3	0.0421
7.4	0.0427
7.5	0.04203
7.6	0.0426
7.7	0.04243
7.8	0.04297
7.9	0.04466
8	0.04592
8.1	0.04427
8.2	0.04434
8.3	0.04588
8.4	0.04594
8.5	0.04581
8.6	0.04681
8.7	0.04558
8.8	0.04336
8.9	0.04263
9	0.0428
9.1	0.04219
9.2	0.04002
9.3	0.04041
9.4	0.04096
9.5	0.04137
9.6	0.04257
9.7	0.04266
9.8	0.04255
9.9	0.04408
10	0.04385
10.1	0.04482
10.2	0.04473
10.3	0.04465
10.4	0.04429
10.5	0.04325
10.6	0.04376
10.7	0.04344
10.8	0.04475
10.9	0.04719
11	0.0465
11.1	0.04731
11.2	0.04852
11.3	0.04862
11.4	0.04862
11.5	0.04856
11.6	0.04798
11.7	0.04554
11.8	0.04375
11.9	0.04497
12	0.04432
12.1	0.04348
12.2	0.0441
12.3	0.04956
12.4	0.07082
12.5	0.10164
12.6	0.13139
12.7	0.16197
12.8	0.18734
12.9	0.21463
13	0.27467
13.1	0.34182
13.2	0.40575
13.3	0.47649
13.4	0.53363
13.5	0.59081
13.6	0.64755
13.7	0.69846
13.8	0.76533
13.9	0.85851
14	0.96499
14.1	1.07565
14.2	1.13382
14.3	1.1548
14.4	1.18756
14.5	1.20237
14.6	1.18978
14.7	1.17775
14.8	1.15294
14.9	1.11751
15	1.06693
15.1	1.00474
15.2	0.92833
15.3	0.86121
15.4	0.7772
15.5	0.76788
15.6	0.74348
15.7	0.72108
15.8	0.69288
15.9	0.69891
16	0.70556
16.1	0.69857
16.2	0.66954
16.3	0.67489
16.4	0.65824
16.5	0.64902
16.6	0.63334
16.7	0.62239
16.8	0.6005
16.9	0.58324
17	0.56139
17.1	0.55328
17.2	0.54352
17.3	0.53571
17.4	0.57551
17.5	0.59036
17.6	0.59927
17.7	0.59014
17.8	0.5763
17.9	0.57131
18	0.58191
18.1	0.5867
18.2	0.61018
18.3	0.58021
18.4	0.57489
18.5	0.57487
18.6	0.56767
18.7	0.57807
18.8	0.60132
18.9	0.6133
19	0.61157
19.1	0.6051
19.2	0.60827
19.3	0.60415
19.4	0.59849
19.5	0.58918
19.6	0.56178
19.7	0.54512
19.8	0.52356
19.9	0.51162
20	0.49661
20.1	0.48377
20.2	0.45915
20.3	0.44175
20.4	0.44734
20.5	0.49393
20.6	0.54864
20.7	0.61611
20.8	0.64641
20.9	0.64741
21	0.63802
21.1	0.63559
21.2	0.65146
21.3	0.63193
21.4	0.61732
21.5	0.63331
21.6	0.65148
21.7	0.69591
21.8	0.69771
21.9	0.69205
22	0.68657
22.1	0.63858
22.2	0.62325
22.3	0.61223
22.4	0.61731
22.5	0.65326
22.6	0.64693
22.7	0.65613
22.8	0.62034
22.9	0.58218
23	0.55532
23.1	0.562
23.2	0.56593
23.3	0.56368
23.4	0.52709
23.5	0.5012
23.6	0.46198
23.7	0.47434
23.8	0.51332
23.9	0.56392
24	0.58236
24.1	0.59311
24.2	0.5811
24.3	0.58594
24.4	0.58125
24.5	0.58215
24.6	0.58028
24.7	0.57308
24.8	0.56405
24.9	0.56911
25	0.55184
25.1	0.54397
25.2	0.52532
25.3	0.54087
25.4	0.56451
25.5	0.56785
25.6	0.58689
25.7	0.57987
25.8	0.56226
25.9	0.55099
26	0.54637
26.1	0.53187
26.2	0.50438
26.3	0.49212
26.4	0.48057
26.5	0.4456
26.6	0.43814
26.7	0.43178
26.8	0.43346
26.9	0.43001
27	0.44556
27.1	0.44032
27.2	0.45903
27.3	0.47561
27.4	0.50458
27.5	0.51826
27.6	0.51993
27.7	0.53187
27.8	0.54039
27.9	0.53544
28	0.55405
28.1	0.55314
28.2	0.57367
28.3	0.59488
28.4	0.60865
28.5	0.61313
28.6	0.60665
28.7	0.60158
28.8	0.60291
28.9	0.63524
29	0.62861
29.1	0.64561
29.2	0.64133
29.3	0.63958
29.4	0.63691
29.5	0.62562
29.6	0.62101
29.7	0.61992
29.8	0.61285
29.9	0.61557
30	0.59917
30.1	0.58042
30.2	0.57122
30.3	0.57352
30.4	0.60021
30.5	0.62324
30.6	0.65125
30.7	0.65358
30.8	0.66807
30.9	0.66269
31	0.64897
31.1	0.61397
31.2	0.5922
31.3	0.565
31.4	0.58063
31.5	0.58615
31.6	0.60656
31.7	0.62233
31.8	0.63804
31.9	0.65803
32	0.67569
32.1	0.6673
32.2	0.67694
32.3	0.70733
32.4	0.74964
32.5	0.78709
32.6	0.83348
32.7	0.86373
32.8	0.90259
32.9	0.98429
33	1.10862
33.1	1.23547
33.2	1.32525
33.3	1.38813
33.4	1.4399
33.5	1.49472
33.6	1.57063
33.7	1.66524
33.8	1.76437
33.9	1.85546
34	1.93079
34.1	1.99278
34.2	2.06215
34.3	2.15892
34.4	2.29646
34.5	2.44438
34.6	2.59963
34.7	2.76966
34.8	2.93864
34.9	3.10761
35	3.3051
35.1	3.66142
35.2	4.05759
35.3	4.45525
35.4	4.9002
35.5	5.47671
35.6	6.04616
35.7	6.60876
35.8	7.18397
35.9	7.76441
36	8.3471
36.1	8.8799
36.2	9.22216
36.3	9.51486
36.4	9.80756
36.5	9.95937
36.6	10
36.7	10
36.8	10
36.9	10
37	10
37.1	10
37.2	10
37.3	10
37.4	10
37.5	10
37.6	10
37.7	10
37.8	10
37.9	10
38	10
38.1	10
38.2	10
38.3	10
38.4	10
38.5	10
38.6	10
38.7	10
38.8	10
38.9	10
39	10
39.1	10
39.2	10
39.3	10
39.4	10
39.5	10
39.6	10
39.7	10
39.8	10
39.9	10
40	10
40.1	10
40.2	10
40.3	10
40.4	10
40.5	10
40.6	10
40.7	10
40.8	10
40.9	10
41	10
41.1	10
41.2	10
41.3	10
41.4	10
41.5	10
41.6	10
41.7	10
41.8	10
41.9	10
42	10
42.1	10
42.2	10
42.3	10
42.4	10
42.5	10
42.6	10
42.7	10
42.8	10
42.9	10
43	10
43.1	10
43.2	10
43.3	10
43.4	10
43.5	10
43.6	10
43.7	10
43.8	10
43.9	10
44	10
44.1	10
44.2	10
44.3	10
44.4	10
44.5	10
44.6	10
44.7	10
44.8	10
44.9	10
45	10
