0	0.04227
0.1	0.04735
0.2	0.04959
0.3	0.04632
0.4	0.04795
0.5	0.04925
0.6	0.05002
0.7	0.0505
0.8	0.04862
0.9	0.04874
1	0.04667
1.1	0.0481
1.2	0.04803
1.3	0.04814
1.4	0.04725
1.5	0.04664
1.6	0.04665
1.7	0.04624
1.8	0.04436
1.9	0.04339
2	0.04193
2.1	0.0422
2.2	0.04249
2.3	0.04277
2.4	0.04353
2.5	0.0425
2.6	0.04351
2.7	0.04423
2.8	0.04553
2.9	0.04577
3	0.04549
3.1	0.04551
3.2	0.04577
3.3	0.0454
3.4	0.04632
3.5	0.04651
3.6	0.04567
3.7	0.04585
3.8	0.04632
3.9	0.04556
4	0.04442
4.1	0.04406
4.2	0.04368
4.3	0.04318
4.4	0.04156
4.5	0.04217
4.6	0.04172
4.7	0.04178
4.8	0.04276
4.9	0.04398
5	0.04419
5.1	0.04414
5.2	0.04479
5.3	0.04487
5.4	0.04435
5.5	0.04485
5.6	0.04407
5.7	0.04348
5.8	0.04352
5.9	0.04441
6	0.04525
6.1	0.04608
6.2	0.04651
6.3	0.04673
6.4	0.04613
6.5	0.04542
6.6	0.04521
6.7	0.04466
6.8	0.04465
6.9	0.0443
7	0.04248
7.1	0.04199
7.2	0.04246
7.3	0.04221
7.4	0.0438
7.5	0.04444
7.6	0.04519
7.7	0.04435
7.8	0.04324
7.9	0.0433
8	0.04328
8.1	0.04383
8.2	0.04399
8.3	0.04327
8.4	0.04389
8.5	0.04346
8.6	0.04349
8.7	0.04427
8.8	0.04478
8.9	0.04497
9	0.04439
9.1	0.04527
9.2	0.04563
9.3	0.04462
9.4	0.04445
9.5	0.04417
9.6	0.04436
9.7	0.04401
9.8	0.0447
9.9	0.04573
10	0.04473
10.1	0.04475
10.2	0.04699
10.3	0.04922
10.4	0.04986
10.5	0.04787
10.6	0.04631
10.7	0.04451
10.8	0.04274
10.9	0.04375
11	0.04376
11.1	0.04376
11.2	0.04599
11.3	0.04909
11.4	0.05111
11.5	0.05061
11.6	0.05021
11.7	0.0498
11.8	0.04937
11.9	0.04879
12	0.04831
12.1	0.04785
12.2	0.04725
12.3	0.04818
12.4	0.05702
12.5	0.0794
12.6	0.10325
12.7	0.1274
12.8	0.15405
12.9	0.18092
13	0.2249
13.1	0.2894
13.2	0.3554
13.3	0.43216
13.4	0.49892
13.5	0.56235
13.6	0.61618
13.7	0.66923
13.8	0.72072
13.9	0.79911
14	0.91403
14.1	1.03541
14.2	1.12892
14.3	1.17547
14.4	1.20996
14.5	1.23597
14.6	1.2286
14.7	1.21505
14.8	1.18511
14.9	1.13654
15	1.06521
15.1	0.997
15.2	0.9332
15.3	0.84967
15.4	0.79028
15.5	0.75553
15.6	0.71372
15.7	0.69853
15.8	0.67022
15.9	0.66314
16	0.66032
16.1	0.6585
16.2	0.65979
16.3	0.66635
16.4	0.6511
16.5	0.6482
16.6	0.64159
16.7	0.65865
16.8	0.63693
16.9	0.60426
17	0.58624
17.1	0.57292
17.2	0.54312
17.3	0.53055
17.4	0.51533
17.5	0.52055
17.6	0.50152
17.7	0.51379
17.8	0.53634
17.9	0.55317
18	0.55662
18.1	0.5535
18.2	0.55128
18.3	0.55225
18.4	0.55057
18.5	0.55282
18.6	0.5545
18.7	0.55675
18.8	0.54522
18.9	0.54209
19	0.54155
19.1	0.54162
19.2	0.5509
19.3	0.54737
19.4	0.55253
19.5	0.56127
19.6	0.56312
19.7	0.54941
19.8	0.54078
19.9	0.52691
20	0.52431
20.1	0.51253
20.2	0.51493
20.3	0.51647
20.4	0.50422
20.5	0.49945
20.6	0.49994
20.7	0.50517
20.8	0.5114
20.9	0.5099
21	0.51448
21.1	0.51747
21.2	0.54574
21.3	0.60313
21.4	0.65156
21.5	0.67867
21.6	0.66936
21.7	0.65918
21.8	0.65395
21.9	0.65799
22	0.65728
22.1	0.65941
22.2	0.65159
22.3	0.65549
22.4	0.66762
22.5	0.67193
22.6	0.66239
22.7	0.65079
22.8	0.63734
22.9	0.62188
23	0.6027
23.1	0.58729
23.2	0.58623
23.3	0.6016
23.4	0.62069
23.5	0.63386
23.6	0.63109
23.7	0.62786
23.8	0.61417
23.9	0.59255
24	0.59333
24.1	0.58874
24.2	0.57391
24.3	0.54693
24.4	0.52758
24.5	0.49965
24.6	0.48003
24.7	0.50472
24.8	0.54473
24.9	0.57476
25	0.59497
25.1	0.60169
25.2	0.6102
25.3	0.61112
25.4	0.59909
25.5	0.59914
25.6	0.59593
25.7	0.60194
25.8	0.59582
25.9	0.59007
26	0.6079
26.1	0.60401
26.2	0.58853
26.3	0.58489
26.4	0.58794
26.5	0.59022
26.6	0.58382
26.7	0.58504
26.8	0.57885
26.9	0.56868
27	0.56073
27.1	0.54905
27.2	0.53736
27.3	0.53507
27.4	0.52864
27.5	0.51911
27.6	0.51288
27.7	0.50546
27.8	0.49945
27.9	0.48309
28	0.46671
28.1	0.46158
28.2	0.45253
28.3	0.45226
28.4	0.45374
28.5	0.45001
28.6	0.46485
28.7	0.47794
28.8	0.50743
28.9	0.52536
29	0.52363
29.1	0.52662
29.2	0.52725
29.3	0.53589
29.4	0.54534
29.5	0.54763
29.6	0.55096
29.7	0.54278
29.8	0.5534
29.9	0.5558
30	0.56305
30.1	0.57258
30.2	0.57357
30.3	0.59019
30.4	0.60609
30.5	0.59618
30.6	0.5936
30.7	0.59937
30.8	0.60982
30.9	0.60328
31	0.58458
31.1	0.58124
31.2	0.57242
31.3	0.57262
31.4	0.58583
31.5	0.59992
31.6	0.58529
31.7	0.56271
31.8	0.54035
31.9	0.55101
32	0.55605
32.1	0.57845
32.2	0.58274
32.3	0.60469
32.4	0.61554
32.5	0.62769
32.6	0.63222
32.7	0.63162
32.8	0.60317
32.9	0.59611
33	0.6012
33.1	0.6234
33.2	0.62379
33.3	0.62353
33.4	0.6318
33.5	0.64501
33.6	0.65394
33.7	0.66458
33.8	0.66827
33.9	0.66177
34	0.66339
34.1	0.68945
34.2	0.72458
34.3	0.77081
34.4	0.81152
34.5	0.85595
34.6	0.89454
34.7	0.96675
34.8	1.05583
34.9	1.17246
35	1.2768
35.1	1.35634
35.2	1.41423
35.3	1.47508
35.4	1.54352
35.5	1.62678
35.6	1.73255
35.7	1.8463
35.8	1.95869
35.9	2.05665
36	2.15241
36.1	2.25919
36.2	2.40258
36.3	2.58434
36.4	2.7661
36.5	2.95149
36.6	3.14335
36.7	3.34195
36.8	3.54333
36.9	3.76663
37	4.14889
37.1	4.54292
37.2	4.93888
37.3	5.38298
37.4	5.92574
37.5	6.46058
37.6	6.99136
37.7	7.53228
37.8	8.07763
37.9	8.60952
38	9.06987
38.1	9.34943
38.2	9.58739
38.3	9.82248
38.4	9.95866
38.5	10
38.6	10
38.7	10
38.8	10
38.9	10
39	10
39.1	10
39.2	10
39.3	10
39.4	10
39.5	10
39.6	10
39.7	10
39.8	10
39.9	10
40	10
40.1	10
40.2	10
40.3	10
40.4	10
40.5	10
40.6	10
40.7	10
40.8	10
40.9	10
41	10
41.1	10
41.2	10
41.3	10
41.4	10
41.5	10
41.6	10
41.7	10
41.8	10
41.9	10
42	10
42.1	10
42.2	10
42.3	10
42.4	10
42.5	10
42.6	10
42.7	10
42.8	10
42.9	10
43	10
43.1	10
43.2	10
43.3	10
43.4	10
43.5	10
43.6	10
43.7	10
43.8	10
43.9	10
44	10
44.1	10
44.2	10
44.3	10
44.4	10
44.5	10
44.6	10
44.7	10
44.8	10
44.9	10
45	10
