0	0.03886
0.1	0.04259
0.2	0.04266
0.3	0.04033
0.4	0.04105
0.5	0.04026
0.6	0.04074
0.7	0.04147
0.8	0.04153
0.9	0.04027
1	0.03982
1.1	0.04284
1.2	0.04355
1.3	0.0447
1.4	0.04454
1.5	0.0444
1.6	0.04355
1.7	0.04441
1.8	0.04456
1.9	0.04499
2	0.04437
2.1	0.04475
2.2	0.04347
2.3	0.04466
2.4	0.04497
2.5	0.04471
2.6	0.04355
2.7	0.04455
2.8	0.04343
2.9	0.04278
3	0.04232
3.1	0.04386
3.2	0.04421
3.3	0.04355
3.4	0.04419
3.5	0.04542
3.6	0.0463
3.7	0.04621
3.8	0.04667
3.9	0.04639
4	0.04632
4.1	0.04621
4.2	0.04585
4.3	0.04644
4.4	0.0468
4.5	0.04561
4.6	0.04647
4.7	0.04603
4.8	0.04762
4.9	0.04752
5	0.04653
5.1	0.04836
5.2	0.04768
5.3	0.04725
5.4	0.04693
5.5	0.04528
5.6	0.04451
5.7	0.04341
5.8	0.04435
5.9	0.04434
6	0.04348
6.1	0.04361
6.2	0.04265
6.3	0.04309
6.4	0.04473
6.5	0.04526
6.6	0.04479
6.7	0.04348
6.8	0.04407
6.9	0.04349
7	0.04311
7.1	0.04366
7.2	0.04472
7.3	0.04465
7.4	0.04581
7.5	0.04623
7.6	0.04582
7.7	0.04669
7.8	0.04746
7.9	0.04805
8	0.04818
8.1	0.04713
8.2	0.04621
8.3	0.04481
8.4	0.04383
8.5	0.04474
8.6	0.04319
8.7	0.04332
8.8	0.04319
8.9	0.04416
9	0.04563
9.1	0.04906
9.2	0.04968
9.3	0.04995
9.4	0.0467
9.5	0.04761
9.6	0.04665
9.7	0.0473
9.8	0.04741
9.9	0.04589
10	0.04399
10.1	0.04463
10.2	0.04708
10.3	0.05236
10.4	0.05386
10.5	0.05131
10.6	0.04653
10.7	0.04191
10.8	0.04126
10.9	0.04065
11	0.04045
11.1	0.04053
11.2	0.04399
11.3	0.04782
11.4	0.05132
11.5	0.05142
11.6	0.05068
11.7	0.04871
11.8	0.04732
11.9	0.04516
12	0.04449
12.1	0.04299
12.2	0.04222
12.3	0.04179
12.4	0.04783
12.5	0.06514
12.6	0.08093
12.7	0.09977
12.8	0.12478
12.9	0.15454
13	0.19403
13.1	0.26779
13.2	0.33923
13.3	0.40481
13.4	0.47395
13.5	0.57191
13.6	0.63123
13.7	0.68685
13.8	0.7265
13.9	0.81578
14	0.91025
14.1	1.0184
14.2	1.1185
14.3	1.17246
14.4	1.20401
14.5	1.23871
14.6	1.24492
14.7	1.22308
14.8	1.19079
14.9	1.137
15	1.07019
15.1	0.98761
15.2	0.91915
15.3	0.8344
15.4	0.78836
15.5	0.75453
15.6	0.71931
15.7	0.70363
15.8	0.68866
15.9	0.66986
16	0.66554
16.1	0.65351
16.2	0.6402
16.3	0.65439
16.4	0.65402
16.5	0.64485
16.6	0.61896
16.7	0.6278
16.8	0.62678
16.9	0.61621
17	0.61075
17.1	0.60796
17.2	0.59217
17.3	0.56495
17.4	0.54945
17.5	0.54814
17.6	0.54138
17.7	0.52781
17.8	0.52937
17.9	0.53422
18	0.53556
18.1	0.52798
18.2	0.53572
18.3	0.5179
18.4	0.51012
18.5	0.50612
18.6	0.51116
18.7	0.51851
18.8	0.50182
18.9	0.4965
19	0.50575
19.1	0.49733
19.2	0.51593
19.3	0.5342
19.4	0.5507
19.5	0.56918
19.6	0.58483
19.7	0.59159
19.8	0.61258
19.9	0.59104
20	0.59029
20.1	0.57034
20.2	0.56014
20.3	0.54665
20.4	0.53234
20.5	0.5037
20.6	0.49295
20.7	0.46575
20.8	0.47793
20.9	0.47434
21	0.47976
21.1	0.4871
21.2	0.48455
21.3	0.4787
21.4	0.5099
21.5	0.54599
21.6	0.60311
21.7	0.62091
21.8	0.62116
21.9	0.62077
22	0.62363
22.1	0.64256
22.2	0.65004
22.3	0.64692
22.4	0.62943
22.5	0.60791
22.6	0.62306
22.7	0.65658
22.8	0.66558
22.9	0.65977
23	0.62956
23.1	0.60608
23.2	0.57768
23.3	0.58469
23.4	0.58875
23.5	0.58763
23.6	0.59669
23.7	0.60603
23.8	0.61231
23.9	0.62699
24	0.62779
24.1	0.61856
24.2	0.59593
24.3	0.57821
24.4	0.57215
24.5	0.54175
24.6	0.52918
24.7	0.49046
24.8	0.46719
24.9	0.45188
25	0.47287
25.1	0.48974
25.2	0.51863
25.3	0.54957
25.4	0.57751
25.5	0.58842
25.6	0.589
25.7	0.59092
25.8	0.60044
25.9	0.59234
26	0.59086
26.1	0.59602
26.2	0.57869
26.3	0.58236
26.4	0.59407
26.5	0.62481
26.6	0.61642
26.7	0.59817
26.8	0.60892
26.9	0.62375
27	0.61845
27.1	0.63293
27.2	0.60189
27.3	0.60041
27.4	0.58594
27.5	0.57754
27.6	0.55736
27.7	0.55509
27.8	0.55735
27.9	0.55196
28	0.52749
28.1	0.52577
28.2	0.50098
28.3	0.50793
28.4	0.49583
28.5	0.4841
28.6	0.46106
28.7	0.45062
28.8	0.45448
28.9	0.46215
29	0.46425
29.1	0.49948
29.2	0.49838
29.3	0.51332
29.4	0.52475
29.5	0.54244
29.6	0.54744
29.7	0.54597
29.8	0.55068
29.9	0.5559
30	0.5471
30.1	0.55353
30.2	0.55665
30.3	0.56778
30.4	0.56697
30.5	0.54477
30.6	0.53919
30.7	0.51755
30.8	0.508
30.9	0.5158
31	0.50465
31.1	0.50772
31.2	0.49976
31.3	0.5001
31.4	0.50763
31.5	0.49786
31.6	0.51107
31.7	0.51161
31.8	0.48843
31.9	0.49466
32	0.51465
32.1	0.53616
32.2	0.55399
32.3	0.54902
32.4	0.53863
32.5	0.53762
32.6	0.5623
32.7	0.60891
32.8	0.63412
32.9	0.61703
33	0.6158
33.1	0.60428
33.2	0.62056
33.3	0.63402
33.4	0.63022
33.5	0.63039
33.6	0.61164
33.7	0.62025
33.8	0.64615
33.9	0.65728
34	0.67398
34.1	0.6683
34.2	0.66717
34.3	0.6709
34.4	0.64675
34.5	0.65376
34.6	0.65088
34.7	0.65154
34.8	0.67024
34.9	0.71044
35	0.78097
35.1	0.83689
35.2	0.88545
35.3	0.9454
35.4	0.99038
35.5	1.07379
35.6	1.17634
35.7	1.27579
35.8	1.34493
35.9	1.41089
36	1.47512
36.1	1.54719
36.2	1.63246
36.3	1.74233
36.4	1.86349
36.5	1.99838
36.6	2.12292
36.7	2.24411
36.8	2.37762
36.9	2.5485
37	2.75623
37.1	2.9667
37.2	3.18278
37.3	3.40791
37.4	3.65271
37.5	3.89751
37.6	4.15875
37.7	4.51061
37.8	4.9028
37.9	5.2947
38	5.69295
38.1	6.19808
38.2	6.69619
38.3	7.18203
38.4	7.6723
38.5	8.16903
38.6	8.66645
38.7	9.07805
38.8	9.35397
38.9	9.57174
39	9.77567
39.1	9.9449
39.2	9.99758
39.3	10
39.4	10
39.5	10
39.6	10
39.7	10
39.8	10
39.9	10
40	10
40.1	10
40.2	10
40.3	10
40.4	10
40.5	10
40.6	10
40.7	10
40.8	10
40.9	10
41	10
41.1	10
41.2	10
41.3	10
41.4	10
41.5	10
41.6	10
41.7	10
41.8	10
41.9	10
42	10
42.1	10
42.2	10
42.3	10
42.4	10
42.5	10
42.6	10
42.7	10
42.8	10
42.9	10
43	10
43.1	10
43.2	10
43.3	10
43.4	10
43.5	10
43.6	10
43.7	10
43.8	10
43.9	10
44	10
44.1	10
44.2	10
44.3	10
44.4	10
44.5	10
44.6	10
44.7	10
44.8	10
44.9	10
45	10
