0	0.04687
0.1	0.04802
0.2	0.04855
0.3	0.04599
0.4	0.04643
0.5	0.0465
0.6	0.04555
0.7	0.04608
0.8	0.04276
0.9	0.03984
1	0.04003
1.1	0.03949
1.2	0.04002
1.3	0.04133
1.4	0.04206
1.5	0.04373
1.6	0.0432
1.7	0.04312
1.8	0.04447
1.9	0.043
2	0.04343
2.1	0.04357
2.2	0.04216
2.3	0.04178
2.4	0.04123
2.5	0.04154
2.6	0.04314
2.7	0.04392
2.8	0.04458
2.9	0.04432
3	0.04377
3.1	0.04439
3.2	0.04496
3.3	0.04562
3.4	0.045
3.5	0.04589
3.6	0.04611
3.7	0.04717
3.8	0.04884
3.9	0.04874
4	0.04854
4.1	0.04845
4.2	0.04789
4.3	0.04744
4.4	0.04605
4.5	0.04544
4.6	0.04451
4.7	0.04457
4.8	0.04427
4.9	0.04532
5	0.04498
5.1	0.04335
5.2	0.04398
5.3	0.04419
5.4	0.04381
5.5	0.0445
5.6	0.04313
5.7	0.04419
5.8	0.04308
5.9	0.04452
6	0.04665
6.1	0.04641
6.2	0.04633
6.3	0.04639
6.4	0.04582
6.5	0.04608
6.6	0.04614
6.7	0.04733
6.8	0.04633
6.9	0.04564
7	0.04494
7.1	0.04559
7.2	0.0452
7.3	0.04577
7.4	0.04734
7.5	0.04705
7.6	0.04642
7.7	0.04601
7.8	0.04651
7.9	0.04647
8	0.04569
8.1	0.04602
8.2	0.04612
8.3	0.04515
8.4	0.0447
8.5	0.04408
8.6	0.04422
8.7	0.04329
8.8	0.043
8.9	0.04365
9	0.04666
9.1	0.04683
9.2	0.04779
9.3	0.04818
9.4	0.04845
9.5	0.04812
9.6	0.04944
9.7	0.05053
9.8	0.05018
9.9	0.04867
10	0.04749
10.1	0.0462
10.2	0.04842
10.3	0.05091
10.4	0.05498
10.5	0.05191
10.6	0.04686
10.7	0.04081
10.8	0.03738
10.9	0.03813
11	0.03848
11.1	0.03913
11.2	0.04266
11.3	0.04424
11.4	0.04663
11.5	0.04689
11.6	0.04713
11.7	0.04551
11.8	0.0433
11.9	0.04195
12	0.04127
12.1	0.04095
12.2	0.04253
12.3	0.0426
12.4	0.04473
12.5	0.05626
12.6	0.07145
12.7	0.08662
12.8	0.10627
12.9	0.12509
13	0.16012
13.1	0.22872
13.2	0.29991
13.3	0.37281
13.4	0.43078
13.5	0.49708
13.6	0.56514
13.7	0.61938
13.8	0.68103
13.9	0.74343
14	0.84381
14.1	0.95662
14.2	1.06213
14.3	1.14108
14.4	1.17588
14.5	1.21702
14.6	1.23922
14.7	1.20863
14.8	1.1735
14.9	1.12276
15	1.04205
15.1	0.96202
15.2	0.87751
15.3	0.79311
15.4	0.73204
15.5	0.69305
15.6	0.67869
15.7	0.65508
15.8	0.65424
15.9	0.65034
16	0.64024
16.1	0.62525
16.2	0.61848
16.3	0.62668
16.4	0.66756
16.5	0.67968
16.6	0.6934
16.7	0.69292
16.8	0.69566
16.9	0.68366
17	0.69224
17.1	0.67823
17.2	0.67091
17.3	0.63666
17.4	0.60209
17.5	0.55794
17.6	0.52877
17.7	0.51532
17.8	0.50617
17.9	0.48489
18	0.48084
18.1	0.45318
18.2	0.45115
18.3	0.45996
18.4	0.4835
18.5	0.48214
18.6	0.47534
18.7	0.49933
18.8	0.50938
18.9	0.50258
19	0.5165
19.1	0.52271
19.2	0.53651
19.3	0.52735
19.4	0.53205
19.5	0.53603
19.6	0.52605
19.7	0.53069
19.8	0.55002
19.9	0.55007
20	0.54778
20.1	0.54457
20.2	0.54008
20.3	0.52976
20.4	0.54456
20.5	0.55455
20.6	0.55017
20.7	0.54987
20.8	0.54334
20.9	0.53132
21	0.53628
21.1	0.53757
21.2	0.54817
21.3	0.55368
21.4	0.55787
21.5	0.57092
21.6	0.55352
21.7	0.55487
21.8	0.58937
21.9	0.61283
22	0.63187
22.1	0.63431
22.2	0.63645
22.3	0.64119
22.4	0.6487
22.5	0.65733
22.6	0.659
22.7	0.63114
22.8	0.6176
22.9	0.62935
23	0.6292
23.1	0.63583
23.2	0.62569
23.3	0.6003
23.4	0.60294
23.5	0.58737
23.6	0.58068
23.7	0.55038
23.8	0.52931
23.9	0.5384
24	0.52892
24.1	0.5472
24.2	0.5697
24.3	0.55955
24.4	0.58189
24.5	0.59359
24.6	0.60226
24.7	0.60394
24.8	0.59851
24.9	0.5855
25	0.56268
25.1	0.52449
25.2	0.51591
25.3	0.51392
25.4	0.52903
25.5	0.54338
25.6	0.56347
25.7	0.58413
25.8	0.58031
25.9	0.58613
26	0.59566
26.1	0.58192
26.2	0.55541
26.3	0.52434
26.4	0.5349
26.5	0.53673
26.6	0.53466
26.7	0.55805
26.8	0.54692
26.9	0.5775
27	0.60927
27.1	0.62184
27.2	0.62715
27.3	0.60836
27.4	0.59648
27.5	0.59047
27.6	0.58035
27.7	0.57801
27.8	0.57623
27.9	0.56777
28	0.56533
28.1	0.54657
28.2	0.55758
28.3	0.56506
28.4	0.57036
28.5	0.56085
28.6	0.55504
28.7	0.54652
28.8	0.53612
28.9	0.52072
29	0.51184
29.1	0.47929
29.2	0.4698
29.3	0.46594
29.4	0.45199
29.5	0.44052
29.6	0.43538
29.7	0.46427
29.8	0.48942
29.9	0.52143
30	0.54662
30.1	0.56938
30.2	0.56862
30.3	0.57679
30.4	0.59016
30.5	0.58368
30.6	0.56097
30.7	0.54572
30.8	0.53595
30.9	0.53017
31	0.53769
31.1	0.53943
31.2	0.54096
31.3	0.52879
31.4	0.53365
31.5	0.53754
31.6	0.5304
31.7	0.5165
31.8	0.51528
31.9	0.51321
32	0.50305
32.1	0.48835
32.2	0.47691
32.3	0.46457
32.4	0.47052
32.5	0.46283
32.6	0.45818
32.7	0.48401
32.8	0.47916
32.9	0.48526
33	0.4923
33.1	0.4967
33.2	0.50466
33.3	0.50793
33.4	0.52843
33.5	0.55405
33.6	0.54499
33.7	0.56323
33.8	0.58475
33.9	0.59098
34	0.59671
34.1	0.59786
34.2	0.58163
34.3	0.58815
34.4	0.58539
34.5	0.58143
34.6	0.58403
34.7	0.56322
34.8	0.5508
34.9	0.55421
35	0.56028
35.1	0.58517
35.2	0.58141
35.3	0.57026
35.4	0.58374
35.5	0.59291
35.6	0.61235
35.7	0.64699
35.8	0.69699
35.9	0.75591
36	0.81188
36.1	0.86746
36.2	0.93018
36.3	1.01018
36.4	1.1008
36.5	1.19957
36.6	1.29273
36.7	1.37379
36.8	1.44196
36.9	1.51613
37	1.60336
37.1	1.70155
37.2	1.82596
37.3	1.97453
37.4	2.13181
37.5	2.28042
37.6	2.44114
37.7	2.62016
37.8	2.85001
37.9	3.0943
38	3.34009
38.1	3.5954
38.2	3.87805
38.3	4.17727
38.4	4.47872
38.5	4.78959
38.6	5.18149
38.7	5.56934
38.8	5.95815
38.9	6.36914
39	6.82998
39.1	7.27381
39.2	7.70674
39.3	8.14404
39.4	8.58405
39.5	9.01039
39.6	9.31324
39.7	9.51013
39.8	9.68253
39.9	9.84976
40	9.96272
40.1	10
40.2	10
40.3	10
40.4	10
40.5	10
40.6	10
40.7	10
40.8	10
40.9	10
41	10
41.1	10
41.2	10
41.3	10
41.4	10
41.5	10
41.6	10
41.7	10
41.8	10
41.9	10
42	10
42.1	10
42.2	10
42.3	10
42.4	10
42.5	10
42.6	10
42.7	10
42.8	10
42.9	10
43	10
43.1	10
43.2	10
43.3	10
43.4	10
43.5	10
43.6	10
43.7	10
43.8	10
43.9	10
44	10
44.1	10
44.2	10
44.3	10
44.4	10
44.5	10
44.6	10
44.7	10
44.8	10
44.9	10
45	10
