0	0.0416
0.1	0.04438
0.2	0.04573
0.3	0.0444
0.4	0.04379
0.5	0.04405
0.6	0.04198
0.7	0.04195
0.8	0.04243
0.9	0.04262
1	0.04111
1.1	0.04052
1.2	0.0408
1.3	0.04202
1.4	0.04226
1.5	0.04418
1.6	0.04347
1.7	0.04436
1.8	0.04402
1.9	0.0445
2	0.04557
2.1	0.04605
2.2	0.04581
2.3	0.04501
2.4	0.04387
2.5	0.04623
2.6	0.04511
2.7	0.04393
2.8	0.04444
2.9	0.04341
3	0.0419
3.1	0.04156
3.2	0.04132
3.3	0.04166
3.4	0.03979
3.5	0.04071
3.6	0.04086
3.7	0.04137
3.8	0.04201
3.9	0.04241
4	0.04247
4.1	0.04268
4.2	0.04235
4.3	0.0432
4.4	0.04334
4.5	0.04351
4.6	0.04215
4.7	0.04278
4.8	0.04327
4.9	0.04358
5	0.04414
5.1	0.04424
5.2	0.04392
5.3	0.04457
5.4	0.04398
5.5	0.04431
5.6	0.04435
5.7	0.04271
5.8	0.04288
5.9	0.04317
6	0.04341
6.1	0.04344
6.2	0.0417
6.3	0.04257
6.4	0.0418
6.5	0.04082
6.6	0.0413
6.7	0.04258
6.8	0.04092
6.9	0.0418
7	0.04149
7.1	0.04172
7.2	0.04086
7.3	0.04046
7.4	0.03991
7.5	0.04059
7.6	0.03894
7.7	0.0407
7.8	0.04035
7.9	0.04103
8	0.04036
8.1	0.04023
8.2	0.04043
8.3	0.04211
8.4	0.04157
8.5	0.04326
8.6	0.04189
8.7	0.04217
8.8	0.04212
8.9	0.04309
9	0.04482
9.1	0.04732
9.2	0.04767
9.3	0.04934
9.4	0.04851
9.5	0.04998
9.6	0.04991
9.7	0.05097
9.8	0.05212
9.9	0.0513
10	0.05037
10.1	0.05117
10.2	0.05343
10.3	0.05706
10.4	0.06247
10.5	0.05782
10.6	0.05183
10.7	0.04526
10.8	0.04285
10.9	0.04273
11	0.04141
11.1	0.04205
11.2	0.04488
11.3	0.0461
11.4	0.04995
11.5	0.04999
11.6	0.04945
11.7	0.04799
11.8	0.04527
11.9	0.04323
12	0.04247
12.1	0.0415
12.2	0.04194
12.3	0.0418
12.4	0.04258
12.5	0.0494
12.6	0.0585
12.7	0.06831
12.8	0.08305
12.9	0.09511
13	0.12298
13.1	0.18553
13.2	0.25307
13.3	0.33321
13.4	0.41124
13.5	0.47678
13.6	0.55614
13.7	0.64774
13.8	0.71738
13.9	0.79636
14	0.8922
14.1	1.01299
14.2	1.10347
14.3	1.15606
14.4	1.20254
14.5	1.26069
14.6	1.26825
14.7	1.25187
14.8	1.20914
14.9	1.16103
15	1.07273
15.1	0.9879
15.2	0.90666
15.3	0.81455
15.4	0.69703
15.5	0.64314
15.6	0.61847
15.7	0.61855
15.8	0.59404
15.9	0.58829
16	0.57312
16.1	0.57579
16.2	0.56591
16.3	0.59236
16.4	0.63134
16.5	0.64313
16.6	0.6252
16.7	0.64584
16.8	0.64473
16.9	0.656
17	0.64653
17.1	0.65822
17.2	0.63658
17.3	0.61635
17.4	0.59961
17.5	0.58379
17.6	0.55217
17.7	0.53555
17.8	0.5086
17.9	0.49073
18	0.47531
18.1	0.46219
18.2	0.45606
18.3	0.46907
18.4	0.49174
18.5	0.48987
18.6	0.48519
18.7	0.49989
18.8	0.51314
18.9	0.50346
19	0.52044
19.1	0.51023
19.2	0.49917
19.3	0.48547
19.4	0.4904
19.5	0.49672
19.6	0.50066
19.7	0.5003
19.8	0.50878
19.9	0.48962
20	0.50289
20.1	0.51524
20.2	0.51458
20.3	0.50609
20.4	0.50772
20.5	0.51063
20.6	0.51431
20.7	0.51287
20.8	0.51898
20.9	0.51392
21	0.52218
21.1	0.53976
21.2	0.53711
21.3	0.54406
21.4	0.5425
21.5	0.56124
21.6	0.57253
21.7	0.56555
21.8	0.56677
21.9	0.54833
22	0.54894
22.1	0.57818
22.2	0.57371
22.3	0.5866
22.4	0.57454
22.5	0.58723
22.6	0.59104
22.7	0.59305
22.8	0.60005
22.9	0.59512
23	0.57613
23.1	0.57916
23.2	0.56821
23.3	0.56768
23.4	0.55943
23.5	0.54511
23.6	0.53521
23.7	0.51642
23.8	0.50139
23.9	0.49482
24	0.49108
24.1	0.4963
24.2	0.52757
24.3	0.52988
24.4	0.5464
24.5	0.54401
24.6	0.55868
24.7	0.55582
24.8	0.55702
24.9	0.5562
25	0.54541
25.1	0.51936
25.2	0.50452
25.3	0.50047
25.4	0.51437
25.5	0.51365
25.6	0.53664
25.7	0.55496
25.8	0.58822
25.9	0.60502
26	0.60361
26.1	0.58888
26.2	0.57898
26.3	0.56634
26.4	0.56234
26.5	0.54976
26.6	0.55453
26.7	0.53297
26.8	0.54131
26.9	0.54701
27	0.57567
27.1	0.57811
27.2	0.60613
27.3	0.59245
27.4	0.57664
27.5	0.56851
27.6	0.56247
27.7	0.54713
27.8	0.53029
27.9	0.52778
28	0.53452
28.1	0.5317
28.2	0.53341
28.3	0.53545
28.4	0.54052
28.5	0.54911
28.6	0.57433
28.7	0.5879
28.8	0.56927
28.9	0.56746
29	0.55075
29.1	0.53278
29.2	0.51839
29.3	0.50926
29.4	0.51006
29.5	0.47486
29.6	0.45152
29.7	0.45353
29.8	0.45521
29.9	0.49086
30	0.51445
30.1	0.52723
30.2	0.5421
30.3	0.55677
30.4	0.5608
30.5	0.55252
30.6	0.5271
30.7	0.52715
30.8	0.50463
30.9	0.4989
31	0.51578
31.1	0.49879
31.2	0.49653
31.3	0.51335
31.4	0.52853
31.5	0.538
31.6	0.53711
31.7	0.55197
31.8	0.55039
31.9	0.53085
32	0.5341
32.1	0.5255
32.2	0.51268
32.3	0.50386
32.4	0.49802
32.5	0.47716
32.6	0.45804
32.7	0.4486
32.8	0.43453
32.9	0.43895
33	0.46219
33.1	0.46436
33.2	0.46022
33.3	0.45317
33.4	0.45564
33.5	0.46598
33.6	0.47572
33.7	0.50063
33.8	0.48655
33.9	0.48881
34	0.50055
34.1	0.515
34.2	0.52753
34.3	0.53822
34.4	0.54131
34.5	0.54794
34.6	0.54751
34.7	0.57278
34.8	0.583
34.9	0.59287
35	0.57644
35.1	0.5763
35.2	0.58155
35.3	0.5941
35.4	0.60272
35.5	0.60168
35.6	0.60215
35.7	0.60227
35.8	0.60928
35.9	0.62197
36	0.65709
36.1	0.73337
36.2	0.81527
36.3	0.87425
36.4	0.91416
36.5	0.96041
36.6	1.0226
36.7	1.11022
36.8	1.21676
36.9	1.30815
37	1.38534
37.1	1.45285
37.2	1.53252
37.3	1.62328
37.4	1.72818
37.5	1.85556
37.6	2.01533
37.7	2.18022
37.8	2.33828
37.9	2.51311
38	2.71129
38.1	2.95698
38.2	3.21239
38.3	3.47097
38.4	3.73866
38.5	4.04271
38.6	4.35982
38.7	4.67979
38.8	5.01042
38.9	5.40435
39	5.79111
39.1	6.17878
39.2	6.58947
39.3	7.03573
39.4	7.46076
39.5	7.87629
39.6	8.2958
39.7	8.71714
39.8	9.11324
39.9	9.38033
40	9.55837
40.1	9.71674
40.2	9.8719
40.3	9.9679
40.4	10
40.5	10
40.6	10
40.7	10
40.8	10
40.9	10
41	10
41.1	10
41.2	10
41.3	10
41.4	10
41.5	10
41.6	10
41.7	10
41.8	10
41.9	10
42	10
42.1	10
42.2	10
42.3	10
42.4	10
42.5	10
42.6	10
42.7	10
42.8	10
42.9	10
43	10
43.1	10
43.2	10
43.3	10
43.4	10
43.5	10
43.6	10
43.7	10
43.8	10
43.9	10
44	10
44.1	10
44.2	10
44.3	10
44.4	10
44.5	10
44.6	10
44.7	10
44.8	10
44.9	10
45	10
