0	0.04364
0.1	0.04231
0.2	0.04285
0.3	0.04279
0.4	0.04263
0.5	0.0425
0.6	0.04207
0.7	0.04198
0.8	0.04098
0.9	0.04152
1	0.04233
1.1	0.04119
1.2	0.04132
1.3	0.04051
1.4	0.04141
1.5	0.04197
1.6	0.04176
1.7	0.04103
1.8	0.04014
1.9	0.03969
2	0.03923
2.1	0.04011
2.2	0.04068
2.3	0.03906
2.4	0.03717
2.5	0.03907
2.6	0.04087
2.7	0.03976
2.8	0.04119
2.9	0.04188
3	0.04257
3.1	0.04262
3.2	0.04459
3.3	0.04637
3.4	0.04305
3.5	0.0426
3.6	0.044
3.7	0.04138
3.8	0.04213
3.9	0.04086
4	0.04157
4.1	0.03928
4.2	0.03827
4.3	0.04079
4.4	0.04106
4.5	0.04043
4.6	0.04179
4.7	0.04281
4.8	0.04072
4.9	0.04052
5	0.04374
5.1	0.04593
5.2	0.04534
5.3	0.0455
5.4	0.0469
5.5	0.04728
5.6	0.0465
5.7	0.04879
5.8	0.05087
5.9	0.04916
6	0.04661
6.1	0.04619
6.2	0.04599
6.3	0.04505
6.4	0.04523
6.5	0.04503
6.6	0.0433
6.7	0.04166
6.8	0.04147
6.9	0.04386
7	0.0441
7.1	0.04552
7.2	0.04558
7.3	0.046
7.4	0.04621
7.5	0.04906
7.6	0.0488
7.7	0.04904
7.8	0.04854
7.9	0.04911
8	0.04643
8.1	0.04688
8.2	0.04661
8.3	0.04551
8.4	0.04408
8.5	0.04253
8.6	0.04357
8.7	0.04481
8.8	0.04571
8.9	0.04771
9	0.04866
9.1	0.04904
9.2	0.0492
9.3	0.04999
9.4	0.04985
9.5	0.04805
9.6	0.04711
9.7	0.04771
9.8	0.04695
9.9	0.04574
10	0.04473
10.1	0.04575
10.2	0.04554
10.3	0.04782
10.4	0.04761
10.5	0.04705
10.6	0.0456
10.7	0.0441
10.8	0.04411
10.9	0.04337
11	0.04217
11.1	0.03997
11.2	0.03924
11.3	0.04067
11.4	0.04138
11.5	0.04109
11.6	0.04174
11.7	0.04252
11.8	0.04288
11.9	0.04234
12	0.04358
12.1	0.04299
12.2	0.04052
12.3	0.06008
12.4	0.08459
12.5	0.10401
12.6	0.12028
12.7	0.14072
12.8	0.16864
12.9	0.1897
13	0.21038
13.1	0.25167
13.2	0.28283
13.3	0.30468
13.4	0.34397
13.5	0.39368
13.6	0.43126
13.7	0.46828
13.8	0.52151
13.9	0.57598
14	0.61835
14.1	0.66096
14.2	0.71208
14.3	0.77153
14.4	0.81387
14.5	0.89284
14.6	0.93984
14.7	0.95662
14.8	0.94862
14.9	0.93759
15	0.93974
15.1	0.93393
15.2	0.93782
15.3	0.91091
15.4	0.89667
15.5	0.8801
15.6	0.86322
15.7	0.87239
15.8	0.86817
15.9	0.85227
16	0.83437
16.1	0.78099
16.2	0.79992
16.3	0.77415
16.4	0.76724
16.5	0.75222
16.6	0.71639
16.7	0.70921
16.8	0.68578
16.9	0.67943
17	0.65646
17.1	0.60657
17.2	0.56959
17.3	0.54572
17.4	0.53861
17.5	0.52248
17.6	0.49178
17.7	0.48905
17.8	0.46009
17.9	0.45003
18	0.44922
18.1	0.45702
18.2	0.44674
18.3	0.41671
18.4	0.41738
18.5	0.41012
18.6	0.37967
18.7	0.39346
18.8	0.40767
18.9	0.41311
19	0.41512
19.1	0.41519
19.2	0.44282
19.3	0.44372
19.4	0.44616
19.5	0.45564
19.6	0.46231
19.7	0.47906
19.8	0.48239
19.9	0.49697
20	0.52546
20.1	0.52032
20.2	0.53181
20.3	0.55045
20.4	0.56106
20.5	0.57144
20.6	0.56428
20.7	0.57379
20.8	0.56961
20.9	0.55424
21	0.58398
21.1	0.58452
21.2	0.57688
21.3	0.5832
21.4	0.57996
21.5	0.57897
21.6	0.57287
21.7	0.57119
21.8	0.5802
21.9	0.56779
22	0.55206
22.1	0.53973
22.2	0.5485
22.3	0.53632
22.4	0.54937
22.5	0.55407
22.6	0.5599
22.7	0.57036
22.8	0.57538
22.9	0.60066
23	0.62786
23.1	0.64281
23.2	0.64231
23.3	0.63795
23.4	0.62796
23.5	0.64184
23.6	0.63201
23.7	0.64182
23.8	0.628
23.9	0.62106
24	0.58421
24.1	0.57871
24.2	0.56044
24.3	0.55863
24.4	0.5426
24.5	0.51768
24.6	0.49663
24.7	0.49367
24.8	0.47219
24.9	0.45918
25	0.44073
25.1	0.43406
25.2	0.4158
25.3	0.40713
25.4	0.42631
25.5	0.43372
25.6	0.43424
25.7	0.43826
25.8	0.46206
25.9	0.46199
26	0.47176
26.1	0.46888
26.2	0.47942
26.3	0.48192
26.4	0.48807
26.5	0.48378
26.6	0.498
26.7	0.49438
26.8	0.50912
26.9	0.50069
27	0.49841
27.1	0.50028
27.2	0.4866
27.3	0.47458
27.4	0.49153
27.5	0.47623
27.6	0.469
27.7	0.47633
27.8	0.48384
27.9	0.50107
28	0.51141
28.1	0.52894
28.2	0.53109
28.3	0.5386
28.4	0.55708
28.5	0.55754
28.6	0.57025
28.7	0.58857
28.8	0.6002
28.9	0.59554
29	0.59774
29.1	0.61851
29.2	0.61508
29.3	0.62136
29.4	0.62829
29.5	0.60733
29.6	0.59166
29.7	0.59325
29.8	0.62716
29.9	0.6242
30	0.608
30.1	0.60418
30.2	0.60513
30.3	0.6124
30.4	0.61672
30.5	0.60022
30.6	0.57893
30.7	0.53715
30.8	0.53784
30.9	0.54362
31	0.53734
31.1	0.51653
31.2	0.50515
31.3	0.4909
31.4	0.47857
31.5	0.44045
31.6	0.41768
31.7	0.39863
31.8	0.37533
31.9	0.39869
32	0.40884
32.1	0.4172
32.2	0.42336
32.3	0.43651
32.4	0.47385
32.5	0.49955
32.6	0.50587
32.7	0.5383
32.8	0.55735
32.9	0.57994
33	0.5928
33.1	0.59982
33.2	0.60998
33.3	0.59373
33.4	0.58779
33.5	0.57075
33.6	0.55387
33.7	0.52069
33.8	0.50338
33.9	0.49578
34	0.48148
34.1	0.45912
34.2	0.44791
34.3	0.43943
34.4	0.43626
34.5	0.42611
34.6	0.43935
34.7	0.44978
34.8	0.43119
34.9	0.43067
35	0.43372
35.1	0.43669
35.2	0.42429
35.3	0.43193
35.4	0.43376
35.5	0.41425
35.6	0.395
35.7	0.40784
35.8	0.43119
35.9	0.44563
36	0.47731
36.1	0.5069
36.2	0.52941
36.3	0.52753
36.4	0.55543
36.5	0.57772
36.6	0.58553
36.7	0.58655
36.8	0.5962
36.9	0.58972
37	0.61764
37.1	0.64107
37.2	0.67207
37.3	0.69664
37.4	0.72705
37.5	0.73624
37.6	0.75247
37.7	0.77762
37.8	0.82545
37.9	0.82648
38	0.82385
38.1	0.83909
38.2	0.84695
38.3	0.86093
38.4	0.86651
38.5	0.89098
38.6	0.91437
38.7	0.92823
38.8	0.95101
38.9	0.97922
39	1.00351
39.1	1.04428
39.2	1.04714
39.3	1.08256
39.4	1.11907
39.5	1.16993
39.6	1.21629
39.7	1.26282
39.8	1.31643
39.9	1.36115
40	1.41406
40.1	1.50014
40.2	1.76249
40.3	2.05934
40.4	2.35619
40.5	2.65595
40.6	2.95869
40.7	3.26565
40.8	3.57261
40.9	3.87063
41	4.16535
41.1	4.46544
41.2	4.76739
41.3	5.06933
41.4	5.37119
41.5	5.67288
41.6	5.97941
41.7	6.29429
41.8	6.60916
41.9	6.92403
42	7.23709
42.1	7.5477
42.2	7.85831
42.3	8.16381
42.4	8.44256
42.5	8.70525
42.6	8.96252
42.7	9.21794
42.8	9.47336
42.9	9.72794
43	9.95513
43.1	10
43.2	10
43.3	10
43.4	10
43.5	10
43.6	10
43.7	10
43.8	10
43.9	10
44	10
44.1	10
44.2	10
44.3	10
44.4	10
44.5	10
44.6	10
44.7	10
44.8	10
44.9	10
45	10
