0	0.04643
0.1	0.04598
0.2	0.04697
0.3	0.04509
0.4	0.04534
0.5	0.04351
0.6	0.04234
0.7	0.04133
0.8	0.04145
0.9	0.04185
1	0.04158
1.1	0.03983
1.2	0.04186
1.3	0.04252
1.4	0.04489
1.5	0.04402
1.6	0.04432
1.7	0.0446
1.8	0.0444
1.9	0.04503
2	0.04733
2.1	0.04674
2.2	0.04528
2.3	0.04343
2.4	0.04388
2.5	0.04435
2.6	0.04285
2.7	0.04244
2.8	0.04088
2.9	0.03935
3	0.03945
3.1	0.03962
3.2	0.04012
3.3	0.04182
3.4	0.04135
3.5	0.0431
3.6	0.04413
3.7	0.04649
3.8	0.04709
3.9	0.04641
4	0.04753
4.1	0.04655
4.2	0.04567
4.3	0.04658
4.4	0.04684
4.5	0.04675
4.6	0.04699
4.7	0.04616
4.8	0.04596
4.9	0.04607
5	0.04634
5.1	0.04572
5.2	0.0439
5.3	0.04436
5.4	0.04421
5.5	0.04169
5.6	0.04124
5.7	0.04237
5.8	0.04052
5.9	0.04255
6	0.04348
6.1	0.04486
6.2	0.04289
6.3	0.04238
6.4	0.04404
6.5	0.04591
6.6	0.04577
6.7	0.04506
6.8	0.04327
6.9	0.04173
7	0.04154
7.1	0.04259
7.2	0.044
7.3	0.04435
7.4	0.04319
7.5	0.04132
7.6	0.04276
7.7	0.04473
7.8	0.04497
7.9	0.04512
8	0.04353
8.1	0.04459
8.2	0.04383
8.3	0.04457
8.4	0.04623
8.5	0.04673
8.6	0.0455
8.7	0.04558
8.8	0.04625
8.9	0.04877
9	0.04871
9.1	0.04987
9.2	0.04845
9.3	0.04732
9.4	0.04502
9.5	0.04516
9.6	0.0443
9.7	0.04399
9.8	0.04676
9.9	0.04652
10	0.04691
10.1	0.04658
10.2	0.04652
10.3	0.04762
10.4	0.04793
10.5	0.04922
10.6	0.04989
10.7	0.04876
10.8	0.04976
10.9	0.05066
11	0.05103
11.1	0.04827
11.2	0.0477
11.3	0.04582
11.4	0.04392
11.5	0.04271
11.6	0.04071
11.7	0.04041
11.8	0.04
11.9	0.04021
12	0.04041
12.1	0.04036
12.2	0.04098
12.3	0.04349
12.4	0.04518
12.5	0.04345
12.6	0.03593
12.7	0.02653
12.8	0.01789
12.9	0.02743
13	0.05871
13.1	0.09444
13.2	0.12792
13.3	0.15719
13.4	0.19077
13.5	0.21527
13.6	0.25099
13.7	0.29095
13.8	0.33705
13.9	0.36475
14	0.43288
14.1	0.5111
14.2	0.60742
14.3	0.69349
14.4	0.77263
14.5	0.83937
14.6	0.91319
14.7	0.97286
14.8	0.97113
14.9	0.91935
15	0.87129
15.1	0.82041
15.2	0.80037
15.3	0.80163
15.4	0.80204
15.5	0.79386
15.6	0.79309
15.7	0.76963
15.8	0.74061
15.9	0.71358
16	0.6923
16.1	0.66882
16.2	0.63356
16.3	0.60817
16.4	0.57744
16.5	0.53992
16.6	0.51656
16.7	0.49041
16.8	0.45755
16.9	0.41668
17	0.39851
17.1	0.41071
17.2	0.39084
17.3	0.38454
17.4	0.37796
17.5	0.37686
17.6	0.37233
17.7	0.38229
17.8	0.36802
17.9	0.37285
18	0.35557
18.1	0.3684
18.2	0.36163
18.3	0.3622
18.4	0.3649
18.5	0.35929
18.6	0.35099
18.7	0.36089
18.8	0.35262
18.9	0.33544
19	0.32133
19.1	0.31026
19.2	0.31739
19.3	0.35693
19.4	0.38441
19.5	0.41974
19.6	0.44329
19.7	0.45966
19.8	0.49612
19.9	0.48597
20	0.49002
20.1	0.50337
20.2	0.49745
20.3	0.50402
20.4	0.48617
20.5	0.47
20.6	0.4656
20.7	0.43994
20.8	0.46893
20.9	0.46121
21	0.46146
21.1	0.46912
21.2	0.47157
21.3	0.47491
21.4	0.4892
21.5	0.51382
21.6	0.52867
21.7	0.53758
21.8	0.53591
21.9	0.52297
22	0.51764
22.1	0.51463
22.2	0.53032
22.3	0.54427
22.4	0.55885
22.5	0.57674
22.6	0.5581
22.7	0.54581
22.8	0.5375
22.9	0.52329
23	0.5134
23.1	0.51437
23.2	0.52964
23.3	0.51856
23.4	0.52315
23.5	0.54457
23.6	0.55006
23.7	0.54883
23.8	0.53805
23.9	0.54225
24	0.54056
24.1	0.53683
24.2	0.55631
24.3	0.56257
24.4	0.54304
24.5	0.53943
24.6	0.5464
24.7	0.54964
24.8	0.55892
24.9	0.5491
25	0.552
25.1	0.52109
25.2	0.50792
25.3	0.51076
25.4	0.51113
25.5	0.51921
25.6	0.52879
25.7	0.5463
25.8	0.55966
25.9	0.56452
26	0.60019
26.1	0.613
26.2	0.5933
26.3	0.56332
26.4	0.52316
26.5	0.51352
26.6	0.51462
26.7	0.5408
26.8	0.57593
26.9	0.59152
27	0.55739
27.1	0.54657
27.2	0.52008
27.3	0.54193
27.4	0.54677
27.5	0.55511
27.6	0.55715
27.7	0.56993
27.8	0.55271
27.9	0.56854
28	0.55392
28.1	0.57354
28.2	0.56445
28.3	0.57377
28.4	0.58543
28.5	0.57117
28.6	0.53502
28.7	0.54884
28.8	0.55171
28.9	0.58934
29	0.63278
29.1	0.64928
29.2	0.63678
29.3	0.6041
29.4	0.60381
29.5	0.61196
29.6	0.59377
29.7	0.60764
29.8	0.60287
29.9	0.57787
30	0.56271
30.1	0.54908
30.2	0.56935
30.3	0.57296
30.4	0.57153
30.5	0.58173
30.6	0.58485
30.7	0.58224
30.8	0.57226
30.9	0.57639
31	0.5807
31.1	0.55806
31.2	0.5487
31.3	0.535
31.4	0.52777
31.5	0.50343
31.6	0.49003
31.7	0.50092
31.8	0.52409
31.9	0.54629
32	0.58189
32.1	0.59152
32.2	0.61105
32.3	0.62778
32.4	0.62318
32.5	0.59864
32.6	0.57747
32.7	0.5454
32.8	0.54273
32.9	0.50817
33	0.48818
33.1	0.47023
33.2	0.47751
33.3	0.50222
33.4	0.51329
33.5	0.52506
33.6	0.53992
33.7	0.53196
33.8	0.54896
33.9	0.56812
34	0.5834
34.1	0.61222
34.2	0.64042
34.3	0.63826
34.4	0.64227
34.5	0.61321
34.6	0.58936
34.7	0.5651
34.8	0.54602
34.9	0.54158
35	0.533
35.1	0.51802
35.2	0.51332
35.3	0.50176
35.4	0.52
35.5	0.54219
35.6	0.55672
35.7	0.56131
35.8	0.55065
35.9	0.53119
36	0.53759
36.1	0.53719
36.2	0.53762
36.3	0.54038
36.4	0.53887
36.5	0.54994
36.6	0.55369
36.7	0.539
36.8	0.55589
36.9	0.57786
37	0.62052
37.1	0.64362
37.2	0.64308
37.3	0.61412
37.4	0.56498
37.5	0.51816
37.6	0.49749
37.7	0.4681
37.8	0.43878
37.9	0.40833
38	0.40978
38.1	0.39173
38.2	0.38699
38.3	0.41016
38.4	0.4416
38.5	0.4641
38.6	0.49828
38.7	0.5225
38.8	0.539
38.9	0.55773
39	0.56978
39.1	0.57694
39.2	0.56829
39.3	0.54403
39.4	0.55325
39.5	0.55884
39.6	0.58624
39.7	0.61241
39.8	0.62367
39.9	0.65012
40	0.6427
40.1	0.6674
40.2	0.71724
40.3	0.76281
40.4	0.80363
40.5	0.84773
40.6	0.91767
40.7	0.98926
40.8	1.01827
40.9	1.08177
41	1.16249
41.1	1.24556
41.2	1.31875
41.3	1.3987
41.4	1.48014
41.5	1.58182
41.6	1.69534
41.7	1.80886
41.8	1.92237
41.9	2.03633
42	2.15169
42.1	2.26932
42.2	2.38763
42.3	2.50594
42.4	2.62425
42.5	2.75328
42.6	2.90159
42.7	3.06339
42.8	3.2269
42.9	3.39042
43	3.55394
43.1	3.83251
43.2	4.23839
43.3	4.65863
43.4	5.07887
43.5	5.49988
43.6	5.9323
43.7	6.38974
43.8	6.86439
43.9	7.33903
44	7.81368
44.1	8.26925
44.2	8.63843
44.3	8.9338
44.4	9.19907
44.5	9.46433
44.6	9.7296
44.7	9.93279
44.8	9.99014
44.9	10
45	10
