0	0.055226127307117
0.1	0.0163966057495067
0.2	0.0118563151358774
0.3	0.0266104983419572
0.4	0.0359615715920533
0.5	0.0232521966377763
0.6	0.022681803573119
0.7	0.0275611573859657
0.8	0.0325532300458535
0.9	0.0303197947681734
1	0.0266069442416492
1.1	0.0191494353310842
1.2	0.0246744821118289
1.3	0.0228174377547479
1.4	0.0181709091653949
1.5	0.0195435125086653
1.6	0.023684975682748
1.7	0.0262872699057585
1.8	0.04169414408952
1.9	0.0321476981855929
2	0.0271657749766582
2.1	0.0285060371846745
2.2	0.0323367227865677
2.3	0.0266761031930972
2.4	0.0444193846673558
2.5	0.0457347606999309
2.6	0.0331060083391635
2.7	0.018130759688506
2.8	0.048583978076436
2.9	0.040356972844036
3	0.043516460167146
3.1	0.0374479068834923
3.2	0.039553990108559
3.3	0.0454230789798263
3.4	0.0315090610959028
3.5	0.0450997339540995
3.6	0.0610636387588946
3.7	0.0323809301061458
3.8	0.0463318079665303
3.9	0.0763143562467083
4	0.0686513925135528
4.1	0.0505464082378698
4.2	0.0642037004626503
4.3	0.0671147051536405
4.4	0.0652026854114151
4.5	0.0590169283114276
4.6	0.0767230429632001
4.7	0.0678076015774749
4.8	0.0717564002834457
4.9	0.0559980303253807
5	0.0779369345961825
5.1	0.0667087887564723
5.2	0.0765226125465265
5.3	0.0809962331492509
5.4	0.0651784141534449
5.5	0.0635042621210119
5.6	0.0577332721168273
5.7	0.0636569999814034
5.8	0.05847526201147
5.9	0.0592449974127114
6	0.0623809178517445
6.1	0.0752318592441647
6.2	0.0637022831561926
6.3	0.0531559520907308
6.4	0.0384538185579996
6.5	0.0709167357757835
6.6	0.061987850131565
6.7	0.0566241314797224
6.8	0.0645269805370193
6.9	0.0596146650045036
7	0.0721393822900265
7.1	0.0685088814198186
7.2	0.0812310161993324
7.3	0.100265018055216
7.4	0.0915541506894325
7.5	0.0990584754596907
7.6	0.118829861833155
7.7	0.1261150622969
7.8	0.125603904630793
7.9	0.133012011912034
8	0.138818412457328
8.1	0.152324787862442
8.2	0.173302182677623
8.3	0.208818060117725
8.4	0.239131673394849
8.5	0.213311826340541
8.6	0.186224984831716
8.7	0.167308915176674
8.8	0.202537998332632
8.9	0.231745070490712
9	0.196206148820645
9.1	0.216165689279766
9.2	0.181402664153356
9.3	0.16101616558809
9.4	0.148273218335133
9.5	0.171202909361571
9.6	0.159453599998276
9.7	0.178202938718937
9.8	0.177032172577318
9.9	0.179503030653141
10	0.20238690298529
10.1	0.191732804234875
10.2	0.171496136170783
10.3	0.21518146342839
10.4	0.251712326754551
10.5	0.24901998893744
10.6	0.306193231668755
10.7	0.342730002463805
10.8	0.319792451378389
10.9	0.296914744612732
11	0.278215267131674
11.1	0.258538287022239
11.2	0.250977818148858
11.3	0.262140035896709
11.4	0.279233851107955
11.5	0.303617617314426
11.6	0.401851392835222
11.7	0.48155615535896
11.8	0.551376347254609
11.9	0.602793031940178
12	0.641369213399291
12.1	0.618092539722513
12.2	0.557709292224363
12.3	0.685532606626027
12.4	0.667410471873378
12.5	0.666043680338953
12.6	0.63564412617103
12.7	0.546681000069098
12.8	0.599859832712381
12.9	0.572785832424696
13	0.570305975524532
13.1	0.59709831352626
13.2	0.570547589434919
13.3	0.561325556761026
13.4	0.530200004071781
13.5	0.536648445541995
13.6	0.627626865551347
13.7	0.607105325747948
13.8	0.647768565642834
13.9	0.67250538318714
14	0.697522301388571
14.1	0.712865465274963
14.2	0.749621400099993
14.3	0.719487821757558
14.4	0.671484425948717
14.5	0.668983202948853
14.6	0.65232425851759
14.7	0.65737237997008
14.8	0.643283794073054
14.9	0.654434535119957
15	0.665471726539732
15.1	0.613772025886727
15.2	0.631329012075067
15.3	0.656949209755659
15.4	0.637638000902535
15.5	0.592715157888594
15.6	0.584715866425947
15.7	0.611004506647744
15.8	0.569839816859051
15.9	0.581423779396949
16	0.570075844227483
16.1	0.568565817277212
16.2	0.575387251281895
16.3	0.561111010707052
16.4	0.561491382402965
16.5	0.547861450062771
16.6	0.556986143793087
16.7	0.509354954001308
16.8	0.49559855932264
16.9	0.486055570098916
17	0.491558368678312
17.1	0.503871543142199
17.2	0.484659793440919
17.3	0.508412730791537
17.4	0.499758198515836
17.5	0.524766913040688
17.6	0.536067743145949
17.7	0.534730940604681
17.8	0.551461795039396
17.9	0.577831335207977
18	0.574568811460702
18.1	0.606419861540669
18.2	0.561783269402071
18.3	0.564810387710835
18.4	0.573312430332679
18.5	0.569949733780403
18.6	0.602363225166264
18.7	0.60037462975571
18.8	0.59823928483709
18.9	0.572924464504654
19	0.579326273140311
19.1	0.568391481719832
19.2	0.570908246570041
19.3	0.553450859909308
19.4	0.543283146303107
19.5	0.557498858001828
19.6	0.539292906567768
19.7	0.549895336882221
19.8	0.561500976234831
19.9	0.531806696899941
20	0.557978552445142
20.1	0.541164720684917
20.2	0.536061003117969
20.3	0.508396121825355
20.4	0.499736811508474
20.5	0.502259899417037
20.6	0.517846458683045
20.7	0.549022821605048
20.8	0.534539028610838
20.9	0.54512378884256
21	0.536824807686084
21.1	0.525852146057863
21.2	0.553363187091445
21.3	0.57209793381691
21.4	0.594654684939667
21.5	0.578316866081952
21.6	0.612170900806471
21.7	0.61835957636692
21.8	0.610816039474858
21.9	0.608841918709716
22	0.637459107780299
22.1	0.624817883964118
22.2	0.632338343123227
22.3	0.636332053746833
22.4	0.638006828701026
22.5	0.639565035067577
22.6	0.635399414469537
22.7	0.648518303964484
22.8	0.654852933368087
22.9	0.664279955809682
23	0.665979638465298
23.1	0.651879927003853
23.2	0.679831021164358
23.3	0.68565676055378
23.4	0.711973511516029
23.5	0.74036304392297
23.6	0.78692937493685
23.7	0.873903578876351
23.8	0.981757100277041
23.9	1.06379941510346
24	1.15509824906023
24.1	1.22656880408643
24.2	1.27554003758666
24.3	1.31923644418316
24.4	1.36053862729198
24.5	1.39046542162585
24.6	1.47991778591808
24.7	1.53026227870882
24.8	1.61369869727038
24.9	1.69054975271931
25	1.78795429953321
25.1	1.93024749441288
25.2	1.98741183115197
25.3	2.09956245965377
25.4	2.31181697381845
25.5	2.4373287031191
25.6	2.65080697624385
25.7	2.88332714390582
25.8	3.07792901944973
25.9	3.33574308875344
26	3.58626410890457
26.1	3.99123034746819
26.2	4.44838319720986
26.3	5.05110078882795
26.4	5.71752856663888
26.5	6.7285877743528
26.6	7.91537232133448
26.7	10
26.8	10
26.9	10
27	10
27.1	10
27.2	10
27.3	10
27.4	10
27.5	10
27.6	10
27.7	10
27.8	10
27.9	10
28	10
28.1	10
28.2	10
28.3	10
28.4	10
28.5	10
28.6	10
28.7	10
28.8	10
28.9	10
29	10
29.1	10
29.2	10
29.3	10
29.4	10
29.5	10
29.6	10
29.7	10
29.8	10
29.9	10
30	10
30.1	10
30.2	10
30.3	10
30.4	10
30.5	10
30.6	10
30.7	10
30.8	10
30.9	10
31	10
31.1	10
31.2	10
31.3	10
31.4	10
31.5	10
31.6	10
31.7	10
31.8	10
31.9	10
32	10
32.1	10
32.2	10
32.3	10
32.4	10
32.5	10
32.6	10
32.7	10
32.8	10
32.9	10
33	10
33.1	10
33.2	10
33.3	10
33.4	10
33.5	10
33.6	10
33.7	10
33.8	10
33.9	10
34	10
34.1	10
34.2	10
34.3	10
34.4	10
34.5	10
34.6	10
34.7	10
34.8	10
34.9	10
35	10
35.1	10
35.2	10
35.3	10
35.4	10
35.5	10
35.6	10
35.7	10
35.8	10
35.9	10
36	10
36.1	10
36.2	10
36.3	10
36.4	10
36.5	10
36.6	10
36.7	10
36.8	10
36.9	10
37	10
37.1	10
37.2	10
37.3	10
37.4	10
37.5	10
37.6	10
37.7	10
37.8	10
37.9	10
38	10
38.1	10
38.2	10
38.3	10
38.4	10
38.5	10
38.6	10
38.7	10
38.8	10
38.9	10
39	10
39.1	10
39.2	10
39.3	10
39.4	10
39.5	10
39.6	10
39.7	10
39.8	10
39.9	10
40	10
40.1	10
40.2	10
40.3	10
40.4	10
40.5	10
40.6	10
40.7	10
40.8	10
40.9	10
41	10
41.1	10
41.2	10
41.3	10
41.4	10
41.5	10
41.6	10
41.7	10
41.8	10
41.9	10
42	10
42.1	10
42.2	10
42.3	10
42.4	10
42.5	10
42.6	10
42.7	10
42.8	10
42.9	10
43	10
43.1	10
43.2	10
43.3	10
43.4	10
43.5	10
43.6	10
43.7	10
43.8	10
43.9	10
44	10
44.1	10
44.2	10
44.3	10
44.4	10
44.5	10
44.6	10
44.7	10
44.8	10
44.9	10
45	10
