0	0.101844840549119
0.1	0.0656282950609167
0.2	0.0592876924744772
0.3	0.0645161317633666
0.4	0.0682675014535478
0.5	0.0878543521391968
0.6	0.0648953287243259
0.7	0.0824008999510215
0.8	0.0742993689156263
0.9	0.0895697336769454
1	0.0826203621643359
1.1	0.083566202485282
1.2	0.0640510968162401
1.3	0.0688091211047059
1.4	0.0902059404347787
1.5	0.0802528664432984
1.6	0.0697638747152928
1.7	0.0758689670904288
1.8	0.0760888504996644
1.9	0.0786734173675747
2	0.090888364052413
2.1	0.0847387607893977
2.2	0.0789025412312452
2.3	0.0778218051652711
2.4	0.0865949656568105
2.5	0.0891814708687108
2.6	0.0953665221584519
2.7	0.0980079231829755
2.8	0.0985976324426951
2.9	0.0844338548985729
3	0.0734169812365675
3.1	0.100075369532898
3.2	0.0871884792194979
3.3	0.101890679626046
3.4	0.0928289749464775
3.5	0.0931763629955736
3.6	0.0893623696790334
3.7	0.0996781667959691
3.8	0.0857389754721371
3.9	0.0932901542127263
4	0.112727989491364
4.1	0.0842252729575353
4.2	0.101106983047895
4.3	0.101535232278388
4.4	0.0925328658487937
4.5	0.094849955559163
4.6	0.112702226032017
4.7	0.114939390295215
4.8	0.117783372619313
4.9	0.116960007435926
5	0.112719103194605
5.1	0.13059240314905
5.2	0.123725567627797
5.3	0.126070392468749
5.4	0.126025362026869
5.5	0.133030055706052
5.6	0.129690326350202
5.7	0.128360757504355
5.8	0.136282048065094
5.9	0.137377380833012
6	0.123941771462618
6.1	0.11951900697863
6.2	0.110565082333647
6.3	0.120437682823928
6.4	0.112242261348211
6.5	0.108993397035469
6.6	0.105035171662733
6.7	0.117456642918954
6.8	0.131246865771574
6.9	0.113929177824256
7	0.102965502034739
7.1	0.0910324567421506
7.2	0.117801729041038
7.3	0.115440822383366
7.4	0.103675703178448
7.5	0.107874737071592
7.6	0.120946179171915
7.7	0.119767895874774
7.8	0.12034861444013
7.9	0.117231703082556
8	0.125503784897748
8.1	0.149729341277052
8.2	0.116089131385568
8.3	0.132828154249264
8.4	0.139535779464736
8.5	0.152638113081752
8.6	0.156767295989775
8.7	0.149943533769765
8.8	0.152288307646561
8.9	0.153887436258054
9	0.161606385209481
9.1	0.163075555262329
9.2	0.173088869006235
9.3	0.162162317000349
9.4	0.124795206582131
9.5	0.160393309254821
9.6	0.153682982963179
9.7	0.178452239649077
9.8	0.226934435316348
9.9	0.253670214347209
10	0.234554685453233
10.1	0.251341559317692
10.2	0.229530980223603
10.3	0.203965100445323
10.4	0.172625923214216
10.5	0.157574062683171
10.6	0.178938361620915
10.7	0.158506856906645
10.8	0.176433008211541
10.9	0.189747924198679
11	0.191634000563658
11.1	0.219997217805534
11.2	0.218597433012144
11.3	0.225608302953708
11.4	0.267434264757856
11.5	0.269151695366081
11.6	0.3164958025392
11.7	0.31983105950979
11.8	0.385003870559464
11.9	0.424515282446468
12	0.400944566763736
12.1	0.3705908729609
12.2	0.350739369899373
12.3	0.320939934505819
12.4	0.30693674159
12.5	0.282320248217752
12.6	0.273294264747114
12.7	0.277508605125534
12.8	0.282050485696953
12.9	0.383465719474784
13	0.46968277802887
13.1	0.560972658015643
13.2	0.664134208410913
13.3	0.762104622916081
13.4	0.831514415049344
13.5	0.782452351258227
13.6	0.875523271422128
13.7	1.01440791766917
13.8	1.02512769443823
13.9	1.04957053152301
14	1.05082760737426
14.1	1.00776166931389
14.2	1.03541505111575
14.3	1.01893441908417
14.4	0.979222354501969
14.5	0.901568947357443
14.6	0.919695270652273
14.7	0.85697739009933
14.8	0.759023089868426
14.9	0.678260877949402
15	0.584525211612783
15.1	0.700157746731668
15.2	0.651789993757445
15.3	0.650431094756231
15.4	0.622647551819924
15.5	0.630192644541068
15.6	0.611113035248559
15.7	0.590773677791673
15.8	0.584568075661313
15.9	0.559660086071995
16	0.541284117468434
16.1	0.523903626907334
16.2	0.529937561837938
16.3	0.545777947567456
16.4	0.545501325850487
16.5	0.563970476839913
16.6	0.577669461065152
16.7	0.593318069054242
16.8	0.570553554686759
16.9	0.578720447463638
17	0.630386179948562
17.1	0.587898052582536
17.2	0.57606714724006
17.3	0.590381755498825
17.4	0.5756155385558
17.5	0.579144756793842
17.6	0.544496573611015
17.7	0.552489288399155
17.8	0.539545419865331
17.9	0.542750108525971
18	0.545077798403743
18.1	0.537779621087892
18.2	0.55755553345702
18.3	0.56767262848254
18.4	0.547279158610492
18.5	0.557422128600776
18.6	0.526286068672103
18.7	0.525487508557642
18.8	0.525021606729047
18.9	0.546342844231938
19	0.554816473360786
19.1	0.532602791431942
19.2	0.556534180143685
19.3	0.564179139163672
19.4	0.547229948716969
19.5	0.573311620136991
19.6	0.566754098147387
19.7	0.556280431302101
19.8	0.543657180363657
19.9	0.567874064798073
20	0.575279798678353
20.1	0.583169608979314
20.2	0.580513619076063
20.3	0.574514956019803
20.4	0.590648345679931
20.5	0.616593755752577
20.6	0.601970024483639
20.7	0.615436098824627
20.8	0.599333023526862
20.9	0.609160220075221
21	0.575053905467109
21.1	0.583640833990566
21.2	0.584112825886591
21.3	0.585946789372604
21.4	0.579013221863476
21.5	0.587880898587825
21.6	0.594726070238319
21.7	0.598893868372521
21.8	0.575416319418509
21.9	0.577289724614737
22	0.592704393386841
22.1	0.549089075594681
22.2	0.562249808887243
22.3	0.559241206027281
22.4	0.548025107065182
22.5	0.55886481068672
22.6	0.536106120974567
22.7	0.551718762558666
22.8	0.553577957967504
22.9	0.558770875211773
23	0.555284016779435
23.1	0.552264181319568
23.2	0.571876845882422
23.3	0.590745527645297
23.4	0.621834084835584
23.5	0.616135372777239
23.6	0.620336503472409
23.7	0.626102378090124
23.8	0.634529537289851
23.9	0.640112413641798
24	0.671571779068386
24.1	0.681587610765381
24.2	0.64660228619358
24.3	0.64707543783802
24.4	0.652618555192448
24.5	0.685272931956789
24.6	0.675139949549002
24.7	0.673314192622078
24.8	0.681717141845098
24.9	0.685982304921924
25	0.674097840171287
25.1	0.684261527328914
25.2	0.687476947867355
25.3	0.69330774191357
25.4	0.688176927135434
25.5	0.689746668275745
25.6	0.688680558815841
25.7	0.667496922840917
25.8	0.686885702055902
25.9	0.689505543244407
26	0.715117006619742
26.1	0.728088748006993
26.2	0.772107524880247
26.3	0.824495293153982
26.4	0.895794513064623
26.5	0.97731615099286
26.6	1.05115706041465
26.7	1.13984508971232
26.8	1.19588097909558
26.9	1.23893796013486
27	1.28734824157126
27.1	1.32810570363276
27.2	1.38369575266303
27.3	1.42351175896701
27.4	1.49494119089574
27.5	1.55148762798034
27.6	1.6394887102239
27.7	1.70578260984651
27.8	1.75111817398694
27.9	1.88254589302139
28	1.92334227075525
28.1	1.99583583059976
28.2	2.0781208107862
28.3	2.24274754242453
28.4	2.35341495340016
28.5	2.54759524317635
28.6	2.76541887534663
28.7	2.94934960106025
28.8	3.20055812202251
28.9	3.40490204407672
29	3.73953510688601
29.1	4.18382063784632
29.2	4.679253447777
29.3	5.30904003970365
29.4	6.03956791887617
29.5	6.97886900341514
29.6	8.0475006185174
29.7	10
29.8	10
29.9	10
30	10
30.1	10
30.2	10
30.3	10
30.4	10
30.5	10
30.6	10
30.7	10
30.8	10
30.9	10
31	10
31.1	10
31.2	10
31.3	10
31.4	10
31.5	10
31.6	10
31.7	10
31.8	10
31.9	10
32	10
32.1	10
32.2	10
32.3	10
32.4	10
32.5	10
32.6	10
32.7	10
32.8	10
32.9	10
33	10
33.1	10
33.2	10
33.3	10
33.4	10
33.5	10
33.6	10
33.7	10
33.8	10
33.9	10
34	10
34.1	10
34.2	10
34.3	10
34.4	10
34.5	10
34.6	10
34.7	10
34.8	10
34.9	10
35	10
35.1	10
35.2	10
35.3	10
35.4	10
35.5	10
35.6	10
35.7	10
35.8	10
35.9	10
36	10
36.1	10
36.2	10
36.3	10
36.4	10
36.5	10
36.6	10
36.7	10
36.8	10
36.9	10
37	10
37.1	10
37.2	10
37.3	10
37.4	10
37.5	10
37.6	10
37.7	10
37.8	10
37.9	10
38	10
38.1	10
38.2	10
38.3	10
38.4	10
38.5	10
38.6	10
38.7	10
38.8	10
38.9	10
39	10
39.1	10
39.2	10
39.3	10
39.4	10
39.5	10
39.6	10
39.7	10
39.8	10
39.9	10
40	10
40.1	10
40.2	10
40.3	10
40.4	10
40.5	10
40.6	10
40.7	10
40.8	10
40.9	10
41	10
41.1	10
41.2	10
41.3	10
41.4	10
41.5	10
41.6	10
41.7	10
41.8	10
41.9	10
42	10
42.1	10
42.2	10
42.3	10
42.4	10
42.5	10
42.6	10
42.7	10
42.8	10
42.9	10
43	10
43.1	10
43.2	10
43.3	10
43.4	10
43.5	10
43.6	10
43.7	10
43.8	10
43.9	10
44	10
44.1	10
44.2	10
44.3	10
44.4	10
44.5	10
44.6	10
44.7	10
44.8	10
44.9	10
45	10
