0	0.116348088210523
0.1	0.0832300764318031
0.2	0.0810508977772093
0.3	0.0790726068593838
0.4	0.101426687690193
0.5	0.0989255402441939
0.6	0.0891919306209628
0.7	0.0858519545857572
0.8	0.0902285093515927
0.9	0.0945613495474474
1	0.11481934016295
1.1	0.102938592237758
1.2	0.0950250053621994
1.3	0.073921036011172
1.4	0.0835174044463222
1.5	0.104503696039234
1.6	0.0925575421078264
1.7	0.0834209494239137
1.8	0.0910381998276214
1.9	0.109397028601125
2	0.10525062362335
2.1	0.0940716029010795
2.2	0.114557458875762
2.3	0.100257724836147
2.4	0.0927109587870925
2.5	0.0971270408280075
2.6	0.102788326616777
2.7	0.109427046566866
2.8	0.10109156203527
2.9	0.106807014293616
3	0.112319449888636
3.1	0.113776944660326
3.2	0.109365269979183
3.3	0.082208250429146
3.4	0.116479068382718
3.5	0.10199942851024
3.6	0.116539624746806
3.7	0.107835813265698
3.8	0.114246780578236
3.9	0.109903796822775
4	0.10483911658836
4.1	0.109671535205504
4.2	0.108991926729069
4.3	0.109914916489186
4.4	0.128579089194921
4.5	0.0959418062735554
4.6	0.115112185550388
4.7	0.115467132327196
4.8	0.112492145307969
4.9	0.139023889292902
5	0.121985614819905
5.1	0.128935646637083
5.2	0.147885098589445
5.3	0.126179469765873
5.4	0.139183661703666
5.5	0.134065513313131
5.6	0.148359544258755
5.7	0.146560053204247
5.8	0.148109803733009
5.9	0.151444146933885
6	0.145134601582082
6.1	0.155508585052299
6.2	0.149587822098473
6.3	0.150831206235717
6.4	0.158321567440584
6.5	0.154078134330795
6.6	0.146418144798353
6.7	0.134901824447303
6.8	0.135131770182292
6.9	0.144912329352226
7	0.130647927167157
7.1	0.121731626929621
7.2	0.133002290406806
7.3	0.13269239053437
7.4	0.145307389346373
7.5	0.151371910154077
7.6	0.110670423339579
7.7	0.119567354630583
7.8	0.109567701085917
7.9	0.134647997333751
8	0.13619828407877
8.1	0.131219247771259
8.2	0.132570311103621
8.3	0.146522323619417
8.4	0.121737043898759
8.5	0.125332690260937
8.6	0.132322835769652
8.7	0.132003418594587
8.8	0.132779208492304
8.9	0.135203404590303
9	0.129720121254897
9.1	0.135274048326371
9.2	0.133674878853826
9.3	0.144763730118567
9.4	0.150742678116824
9.5	0.139672135181296
9.6	0.14757096436534
9.7	0.149838905950654
9.8	0.147330736641114
9.9	0.133835599079775
10	0.15388467010433
10.1	0.1582381186979
10.2	0.180923686598742
10.3	0.150207564281493
10.4	0.207401346088056
10.5	0.20684414339969
10.6	0.224018030730885
10.7	0.272246738363951
10.8	0.273253516330124
10.9	0.293417872677147
11	0.282843392633859
11.1	0.29771740366647
11.2	0.247898338658832
11.3	0.227225146962474
11.4	0.189320691449614
11.5	0.157861060332956
11.6	0.157502163751927
11.7	0.145038923186645
11.8	0.13142580192423
11.9	0.167276114283599
12	0.151843673870745
12.1	0.205419061321336
12.2	0.228348857501392
12.3	0.256850948401249
12.4	0.26195504088613
12.5	0.33575388500937
12.6	0.335925175388853
12.7	0.393198220697634
12.8	0.418725672603559
12.9	0.505929838779038
13	0.575563676894498
13.1	0.580157496878545
13.2	0.590005901106706
13.3	0.569794705133839
13.4	0.561548769974046
13.5	0.555170538269131
13.6	0.556688345431361
13.7	0.530420674930192
13.8	0.532347387942151
13.9	0.527500410224574
14	0.53579029849574
14.1	0.578231645807671
14.2	0.616720382466263
14.3	0.640540194720727
14.4	0.716592556605357
14.5	0.789697402833243
14.6	0.880398401586509
14.7	0.909775795909443
14.8	0.85531472271065
14.9	0.992767726058848
15	1.02277970293612
15.1	0.986018505303559
15.2	0.994346593697711
15.3	0.97707751572927
15.4	0.988788106562759
15.5	0.885220906126803
15.6	0.903274723582288
15.7	0.843496236643795
15.8	0.833721523429055
15.9	0.776364433345111
16	0.713923092821779
16.1	0.743264960132751
16.2	0.641296386784612
16.3	0.563672701857954
16.4	0.529009209537433
16.5	0.612708414289758
16.6	0.595617158355683
16.7	0.552355797270909
16.8	0.563628572196298
16.9	0.559225868539118
17	0.563753277622104
17.1	0.551450150290727
17.2	0.544084581986261
17.3	0.549693066364932
17.4	0.545091742925655
17.5	0.527805171110473
17.6	0.522975719613381
17.7	0.530079987126285
17.8	0.536432339567674
17.9	0.562289590916595
18	0.551356932866441
18.1	0.559000760187234
18.2	0.554226806849719
18.3	0.569344123570269
18.4	0.532966044974099
18.5	0.527125255243657
18.6	0.557930339755282
18.7	0.516468616428806
18.8	0.529926912855976
18.9	0.530531179658969
19	0.522861305919856
19.1	0.557091033891193
19.2	0.523202100620602
19.3	0.547329721340744
19.4	0.550980558436594
19.5	0.538272331054476
19.6	0.54870295941539
19.7	0.543818454958809
19.8	0.538973012995223
19.9	0.550383174054034
20	0.549874526494956
20.1	0.558710843942176
20.2	0.555595949903506
20.3	0.560724757693601
20.4	0.573301074246721
20.5	0.549858258648706
20.6	0.525901347192949
20.7	0.542997721348091
20.8	0.545917114010373
20.9	0.533896196353198
21	0.545641795149666
21.1	0.541584620850096
21.2	0.518799034077944
21.3	0.534628683289771
21.4	0.544012162190565
21.5	0.509943099495136
21.6	0.538269939070344
21.7	0.526525392573936
21.8	0.536498185762252
21.9	0.534481018984456
22	0.543531717121712
22.1	0.544037523072025
22.2	0.525065162638547
22.3	0.532212407015105
22.4	0.548078097968947
22.5	0.53248020360546
22.6	0.543863764911442
22.7	0.550689204965631
22.8	0.561369761299138
22.9	0.580230640881974
23	0.567323047292291
23.1	0.565348635999561
23.2	0.568495117588021
23.3	0.567936158516967
23.4	0.567545681315594
23.5	0.557296214465727
23.6	0.543843151619752
23.7	0.551037711504731
23.8	0.544220474359256
23.9	0.524805647664405
24	0.526760022798401
24.1	0.558364101898386
24.2	0.511749567431233
24.3	0.536653955838978
24.4	0.526464689904797
24.5	0.528876000684174
24.6	0.53634288407434
24.7	0.517537668772516
24.8	0.522688581865313
24.9	0.534507740748872
25	0.528140988299854
25.1	0.530830322883474
25.2	0.532579666379558
25.3	0.550705253860857
25.4	0.566560739210977
25.5	0.571163717951996
25.6	0.589734797036391
25.7	0.579749221880984
25.8	0.574472525942888
25.9	0.580492502153225
26	0.606719592176595
26.1	0.59501066578875
26.2	0.613583236546068
26.3	0.623680941286709
26.4	0.646183942924495
26.5	0.630654252234674
26.6	0.642750626183726
26.7	0.65033967944132
26.8	0.65504649498356
26.9	0.640084636168241
27	0.640708819040655
27.1	0.674493062215733
27.2	0.672480287319503
27.3	0.658406519686545
27.4	0.6549762122636
27.5	0.650137876704291
27.6	0.655631358937003
27.7	0.658188810654371
27.8	0.639011169352899
27.9	0.665740122823812
28	0.641251737337842
28.1	0.630689663188854
28.2	0.647037133467705
28.3	0.642665361862101
28.4	0.657581579321365
28.5	0.697675863373335
28.6	0.706411751579352
28.7	0.754218770730074
28.8	0.795554070649679
28.9	0.855411920213801
29	0.944849456728792
29.1	0.977174514767959
29.2	1.02116992431744
29.3	1.05251103343559
29.4	1.10656537919444
29.5	1.13531350844554
29.6	1.16946233801021
29.7	1.24757871248017
29.8	1.33018288465482
29.9	1.38488191236035
30	1.46097454701075
30.1	1.50355050259835
30.2	1.58826307614293
30.3	1.65467159133035
30.4	1.71398113369001
30.5	1.81744037759094
30.6	1.85743073002729
30.7	1.90388034918405
30.8	1.92799881676336
30.9	2.03683551970674
31	2.13494051466258
31.1	2.23889771203395
31.2	2.38959521361636
31.3	2.56545045818678
31.4	2.73688608930455
31.5	2.97606561537339
31.6	3.18048950297017
31.7	3.44840132584033
31.8	3.88310130390673
31.9	4.31059508697354
32	4.87087936663463
32.1	5.49589280863763
32.2	6.23317065810395
32.3	7.10579213305975
32.4	8.10639005560577
32.5	10
32.6	10
32.7	10
32.8	10
32.9	10
33	10
33.1	10
33.2	10
33.3	10
33.4	10
33.5	10
33.6	10
33.7	10
33.8	10
33.9	10
34	10
34.1	10
34.2	10
34.3	10
34.4	10
34.5	10
34.6	10
34.7	10
34.8	10
34.9	10
35	10
35.1	10
35.2	10
35.3	10
35.4	10
35.5	10
35.6	10
35.7	10
35.8	10
35.9	10
36	10
36.1	10
36.2	10
36.3	10
36.4	10
36.5	10
36.6	10
36.7	10
36.8	10
36.9	10
37	10
37.1	10
37.2	10
37.3	10
37.4	10
37.5	10
37.6	10
37.7	10
37.8	10
37.9	10
38	10
38.1	10
38.2	10
38.3	10
38.4	10
38.5	10
38.6	10
38.7	10
38.8	10
38.9	10
39	10
39.1	10
39.2	10
39.3	10
39.4	10
39.5	10
39.6	10
39.7	10
39.8	10
39.9	10
40	10
40.1	10
40.2	10
40.3	10
40.4	10
40.5	10
40.6	10
40.7	10
40.8	10
40.9	10
41	10
41.1	10
41.2	10
41.3	10
41.4	10
41.5	10
41.6	10
41.7	10
41.8	10
41.9	10
42	10
42.1	10
42.2	10
42.3	10
42.4	10
42.5	10
42.6	10
42.7	10
42.8	10
42.9	10
43	10
43.1	10
43.2	10
43.3	10
43.4	10
43.5	10
43.6	10
43.7	10
43.8	10
43.9	10
44	10
44.1	10
44.2	10
44.3	10
44.4	10
44.5	10
44.6	10
44.7	10
44.8	10
44.9	10
45	10
