0	0.113931600783169
0.1	0.07998368588743
0.2	0.0773950818547088
0.3	0.0761237861983867
0.4	0.0969315760834709
0.5	0.0985126682169735
0.6	0.0858726171467875
0.7	0.0855020482095493
0.8	0.0867318277702902
0.9	0.0925262185769107
1	0.116526853033097
1.1	0.102073490853802
1.2	0.0933939109937005
1.3	0.0791721525260612
1.4	0.0849331146152641
1.5	0.107088781029303
1.6	0.0938170951155994
1.7	0.0808032635015508
1.8	0.0913493272540103
1.9	0.107413394915636
2	0.106580531013763
2.1	0.0909074030684323
2.2	0.121641019175467
2.3	0.0945664966604115
2.4	0.0911586153323495
2.5	0.0954973763911361
2.6	0.101780187059265
2.7	0.106489550996361
2.8	0.102454847669057
2.9	0.101824385811026
3	0.107462233092137
3.1	0.110612382983455
3.2	0.113958910585707
3.3	0.0906502059100567
3.4	0.118584850224671
3.5	0.0988101834579849
3.6	0.119070945041704
3.7	0.106565095338585
3.8	0.112466831743471
3.9	0.106791975952899
4	0.110271213167977
4.1	0.101530607299458
4.2	0.108444333072311
4.3	0.114250471726353
4.4	0.124473671368186
4.5	0.105752721022121
4.6	0.109840004209578
4.7	0.125277489687562
4.8	0.110136666764915
4.9	0.108829489849716
5	0.127901887461355
5.1	0.121345687816062
5.2	0.138938232057429
5.3	0.117548691382191
5.4	0.130681253046065
5.5	0.134928780271568
5.6	0.146933533302486
5.7	0.146255194228301
5.8	0.144642673423494
5.9	0.136002129976847
6	0.153844534727079
6.1	0.145515746085239
6.2	0.148682866543124
6.3	0.159625045008242
6.4	0.157270159145137
6.5	0.146860214620101
6.6	0.142525409575038
6.7	0.129688438546913
6.8	0.134846490951603
6.9	0.138381511473283
7	0.120559736202359
7.1	0.131186661614969
7.2	0.126106093198181
7.3	0.137758580803776
7.4	0.15001128301367
7.5	0.130034921270674
7.6	0.116362700935712
7.7	0.111524394108647
7.8	0.128310357785312
7.9	0.133737252535579
8	0.133266966434552
8.1	0.133565047275602
8.2	0.116927600982453
8.3	0.116650674038669
8.4	0.133336444772851
8.5	0.131810443069334
8.6	0.129845429192616
8.7	0.132478791665982
8.8	0.147846334076093
8.9	0.109537942888568
9	0.138404878930006
9.1	0.134193332299857
9.2	0.141109854862364
9.3	0.148959924817739
9.4	0.147832584257197
9.5	0.146682618387083
9.6	0.145577954349625
9.7	0.139538739224826
9.8	0.142285172915743
9.9	0.146292530809916
10	0.161767822930444
10.1	0.151467023968297
10.2	0.143166163509023
10.3	0.176471422565265
10.4	0.213792665357849
10.5	0.207953008488643
10.6	0.24043744836263
10.7	0.257113232203593
10.8	0.295322120206667
10.9	0.268784155199839
11	0.291981372506644
11.1	0.26467123042485
11.2	0.232272811486358
11.3	0.19298045470425
11.4	0.160541566609591
11.5	0.157101467656083
11.6	0.162184134004155
11.7	0.130052105584548
11.8	0.159985118553347
11.9	0.14625120155871
12	0.192104698092406
12.1	0.228265487830458
12.2	0.239340265925759
12.3	0.258368059895971
12.4	0.311516603156845
12.5	0.317429584445694
12.6	0.374225237041141
12.7	0.400152570614763
12.8	0.488450839140104
12.9	0.521070132705543
13	0.550099371736982
13.1	0.556080418964858
13.2	0.540621495552944
13.3	0.536412792966365
13.4	0.527714079801985
13.5	0.539080602746995
13.6	0.51898487474036
13.7	0.515660707434209
13.8	0.515817058775127
13.9	0.541278346865093
14	0.578380890315486
14.1	0.612605139084154
14.2	0.634961358557512
14.3	0.720030449127186
14.4	0.802215560117739
14.5	0.905360939731572
14.6	0.926129679532776
14.7	0.875567863959021
14.8	0.992233789616461
14.9	1.05413730617399
15	1.00497691312479
15.1	1.01080326848331
15.2	0.983287912416354
15.3	1.00151274790365
15.4	0.888021221657317
15.5	0.909716927206568
15.6	0.833547270987034
15.7	0.83204323743608
15.8	0.763145270295195
15.9	0.729017871814757
16	0.751061853218075
16.1	0.653395620210766
16.2	0.569389551247746
16.3	0.519052454327789
16.4	0.60873504300527
16.5	0.589300763316194
16.6	0.55518493083394
16.7	0.562002322507151
16.8	0.558009134476573
16.9	0.571204265167895
17	0.557866933668722
17.1	0.558652250201067
17.2	0.575174403218859
17.3	0.569847605504044
17.4	0.554394592536351
17.5	0.537748851361443
17.6	0.547365126700971
17.7	0.548613324209011
17.8	0.55645311450383
17.9	0.550412965198236
18	0.555649099250358
18.1	0.557746535682756
18.2	0.570118092122077
18.3	0.540856158168394
18.4	0.538861015057564
18.5	0.566924744356353
18.6	0.535319479790018
18.7	0.551600677762785
18.8	0.560886524256001
18.9	0.551299297111747
19	0.578809259428563
19.1	0.541157810569042
19.2	0.5643761917546
19.3	0.557751630562
19.4	0.553871327553832
19.5	0.55426621126
19.6	0.546865772852561
19.7	0.539897735483543
19.8	0.552090891941371
19.9	0.560023005650963
20	0.553091284417018
20.1	0.567371816580166
20.2	0.547961102583279
20.3	0.562245544998413
20.4	0.550119602763031
20.5	0.536679306587018
20.6	0.533268032975819
20.7	0.547880223028064
20.8	0.524118976072125
20.9	0.557193856128402
21	0.54834461139622
21.1	0.528412861966102
21.2	0.555949537404257
21.3	0.565888074905561
21.4	0.536866560905756
21.5	0.543186278413405
21.6	0.535759879440483
21.7	0.54473339183727
21.8	0.514278152838531
21.9	0.544551060597767
22	0.538194422429489
22.1	0.522360515950102
22.2	0.544182604793569
22.3	0.567345392210146
22.4	0.549345757545439
22.5	0.563788865160968
22.6	0.56270459882446
22.7	0.5735691735469
22.8	0.572649393575917
22.9	0.56696513176804
23	0.580253444046974
23.1	0.574176544101471
23.2	0.582411853760792
23.3	0.5594670508202
23.4	0.557998068630799
23.5	0.564378467705198
23.6	0.555049908656089
23.7	0.528335285823371
23.8	0.535079609640111
23.9	0.531335810523161
24	0.527532591181787
24.1	0.507935952858368
24.2	0.535621183365973
24.3	0.518987446189717
24.4	0.522736349930996
24.5	0.544545383937113
24.6	0.5257704127143
24.7	0.538574998076571
24.8	0.531665207645323
24.9	0.553847774425487
25	0.5492990895801
25.1	0.550610077791693
25.2	0.57402128162441
25.3	0.58540863878727
25.4	0.596811777239364
25.5	0.601783754481156
25.6	0.605785134321892
25.7	0.596212581333933
25.8	0.611575192478377
25.9	0.614463134149559
26	0.61779482631844
26.1	0.639285235747824
26.2	0.66497962359843
26.3	0.650428101922352
26.4	0.667447335996108
26.5	0.661692839189975
26.6	0.646241038212621
26.7	0.657751961329605
26.8	0.657665732238087
26.9	0.690802364737025
27	0.666111148549214
27.1	0.672101076714344
27.2	0.662087676087877
27.3	0.649657316219262
27.4	0.663889781583494
27.5	0.665473563844406
27.6	0.644547917197943
27.7	0.662928388282916
27.8	0.626470120515356
27.9	0.641140455923056
28	0.64046142233833
28.1	0.625907839601403
28.2	0.636589724158438
28.3	0.664293871288623
28.4	0.678848178897994
28.5	0.71776989960642
28.6	0.759712794289097
28.7	0.822172044493789
28.8	0.914585450743438
28.9	0.952553152829434
29	1.00703507149541
29.1	1.03581610856445
29.2	1.09436233482104
29.3	1.12793850541653
29.4	1.15194452490252
29.5	1.21543323376348
29.6	1.30301755377749
29.7	1.35682030436546
29.8	1.4347952720158
29.9	1.47652750824764
30	1.5476323681413
30.1	1.62232608389327
30.2	1.68803279194788
30.3	1.78087642995894
30.4	1.82900726285676
30.5	1.88518592967401
30.6	1.93578612695187
30.7	2.02716253470235
30.8	2.13544439855141
30.9	2.22996043600072
31	2.37503750955333
31.1	2.54897369580404
31.2	2.71070870417885
31.3	2.94086631817382
31.4	3.1540434630821
31.5	3.41872523434027
31.6	3.85239448710825
31.7	4.2820862555568
31.8	4.83866950732698
31.9	5.45800722903685
32	6.17467390651442
32.1	7.03614563431345
32.2	8.05947340030193
32.3	10
32.4	10
32.5	10
32.6	10
32.7	10
32.8	10
32.9	10
33	10
33.1	10
33.2	10
33.3	10
33.4	10
33.5	10
33.6	10
33.7	10
33.8	10
33.9	10
34	10
34.1	10
34.2	10
34.3	10
34.4	10
34.5	10
34.6	10
34.7	10
34.8	10
34.9	10
35	10
35.1	10
35.2	10
35.3	10
35.4	10
35.5	10
35.6	10
35.7	10
35.8	10
35.9	10
36	10
36.1	10
36.2	10
36.3	10
36.4	10
36.5	10
36.6	10
36.7	10
36.8	10
36.9	10
37	10
37.1	10
37.2	10
37.3	10
37.4	10
37.5	10
37.6	10
37.7	10
37.8	10
37.9	10
38	10
38.1	10
38.2	10
38.3	10
38.4	10
38.5	10
38.6	10
38.7	10
38.8	10
38.9	10
39	10
39.1	10
39.2	10
39.3	10
39.4	10
39.5	10
39.6	10
39.7	10
39.8	10
39.9	10
40	10
40.1	10
40.2	10
40.3	10
40.4	10
40.5	10
40.6	10
40.7	10
40.8	10
40.9	10
41	10
41.1	10
41.2	10
41.3	10
41.4	10
41.5	10
41.6	10
41.7	10
41.8	10
41.9	10
42	10
42.1	10
42.2	10
42.3	10
42.4	10
42.5	10
42.6	10
42.7	10
42.8	10
42.9	10
43	10
43.1	10
43.2	10
43.3	10
43.4	10
43.5	10
43.6	10
43.7	10
43.8	10
43.9	10
44	10
44.1	10
44.2	10
44.3	10
44.4	10
44.5	10
44.6	10
44.7	10
44.8	10
44.9	10
45	10
