0	0.115583741592616
0.1	0.0818176729915902
0.2	0.079863943148286
0.3	0.0786137310213714
0.4	0.0993752954399521
0.5	0.101456423023204
0.6	0.0873293312565746
0.7	0.087297685834227
0.8	0.0881095964942487
0.9	0.0947084425349241
1	0.119800926623995
1.1	0.101761895376019
1.2	0.0919696032643597
1.3	0.0804818928165599
1.4	0.0858528939722437
1.5	0.108614216981188
1.6	0.0941515117598518
1.7	0.0811067857731262
1.8	0.0913434079178026
1.9	0.105377768716759
2	0.108283705082872
2.1	0.0900079022665447
2.2	0.125476806237618
2.3	0.0947311015110475
2.4	0.0926775170636233
2.5	0.098910734726275
2.6	0.105225846834314
2.7	0.108877811636497
2.8	0.106929348621924
2.9	0.106058534050016
3	0.109326683826891
3.1	0.110825677844088
3.2	0.118859047891887
3.3	0.0978054632487627
3.4	0.118461268496407
3.5	0.0991862395989862
3.6	0.117928396617329
3.7	0.107818882412584
3.8	0.11373119207778
3.9	0.107570042531081
4	0.115758514179526
4.1	0.103971626928063
4.2	0.110435786818149
4.3	0.12020301188529
4.4	0.122562240934044
4.5	0.112534163043
4.6	0.111462979377082
4.7	0.132001867459043
4.8	0.122928164189915
4.9	0.09583662598339
5	0.130101262346044
5.1	0.12622282326086
5.2	0.136657085311914
5.3	0.124800430289844
5.4	0.129724970455033
5.5	0.140827900184861
5.6	0.147639787651055
5.7	0.148538996420365
5.8	0.147805279294405
5.9	0.131711853045529
6	0.158152045513742
6.1	0.146143922426706
6.2	0.149019130979115
6.3	0.161241066222749
6.4	0.159392135295543
6.5	0.14923170525837
6.6	0.144543143495501
6.7	0.133902298257129
6.8	0.139403242673084
6.9	0.135469286102949
7	0.122035099591171
7.1	0.138602676836285
7.2	0.129109467985133
7.3	0.141187545899752
7.4	0.154211224381148
7.5	0.120958100317643
7.6	0.122560125488256
7.7	0.110187539136359
7.8	0.135883525683094
7.9	0.136053370629686
8	0.133341884191847
8.1	0.140424360353891
8.2	0.13391793789423
8.3	0.110815496863118
8.4	0.12979293154121
8.5	0.135391918225565
8.6	0.133259637450561
8.7	0.135035669150341
8.8	0.153295327663156
8.9	0.125266289968995
9	0.139335943026963
9.1	0.136074224407837
9.2	0.145972203009977
9.3	0.152799185345642
9.4	0.143856097588551
9.5	0.150096636425743
9.6	0.15014393076467
9.7	0.146223167261448
9.8	0.13195522057852
9.9	0.152341967617298
10	0.159041099770466
10.1	0.171473221390808
10.2	0.141601534774064
10.3	0.197036898872574
10.4	0.199809316070689
10.5	0.216191217988562
10.6	0.264563830564874
10.7	0.266170355138183
10.8	0.285920846351368
10.9	0.27559450927166
11	0.289917475063101
11.1	0.239383038851312
11.2	0.219733242679543
11.3	0.185433717809121
11.4	0.15639615279128
11.5	0.158229664023253
11.6	0.14138501962881
11.7	0.138924935025694
11.8	0.173281158805618
11.9	0.160948495738943
12	0.211127875864951
12.1	0.225917896866492
12.2	0.253808454935564
12.3	0.252986716334424
12.4	0.323632645562291
12.5	0.331746428405338
12.6	0.385548551899167
12.7	0.418379729877703
12.8	0.474496076782312
12.9	0.528059944074482
13	0.529588948046762
13.1	0.536785938887033
13.2	0.534271649840531
13.3	0.529857538754778
13.4	0.516910441955859
13.5	0.527850275763563
13.6	0.519024406404695
13.7	0.526930007244401
13.8	0.542630606623746
13.9	0.541378931806272
14	0.587680300960553
14.1	0.624889686184718
14.2	0.66079192321851
14.3	0.758392163574081
14.4	0.864448201681438
14.5	0.908335571020888
14.6	0.911613903183107
14.7	0.879263858617213
14.8	1.04237238816087
14.9	1.03860413689967
15	1.01959242668684
15.1	0.998816706898697
15.2	1.02226745014698
15.3	0.92362304367604
15.4	0.943600727600964
15.5	0.869810942199714
15.6	0.867672400652443
15.7	0.764691118547545
15.8	0.803164515576918
15.9	0.617113786253071
16	0.72911775237759
16.1	0.626159864092197
16.2	0.599578886886762
16.3	0.56277280712942
16.4	0.605267100670423
16.5	0.563382024344971
16.6	0.580194392165681
16.7	0.566842136040014
16.8	0.57821017299197
16.9	0.571022729249044
17	0.55059312988891
17.1	0.555522414007282
17.2	0.56553692585203
17.3	0.554001513055979
17.4	0.544001965302452
17.5	0.535658086887549
17.6	0.537564093228618
17.7	0.566115897190348
17.8	0.558295236654009
17.9	0.574344681923718
18	0.576984358087627
18.1	0.568822001287454
18.2	0.562982816568983
18.3	0.552276332984879
18.4	0.591886580188334
18.5	0.544545257084012
18.6	0.56317053098826
18.7	0.549494138164396
18.8	0.556653747483699
18.9	0.573496872311579
19	0.558750921566419
19.1	0.562166475977677
19.2	0.572269899032634
19.3	0.5514354543555
19.4	0.571847984611821
19.5	0.568177551342505
19.6	0.555647603227555
19.7	0.561307372102234
19.8	0.559209935035048
19.9	0.570518891462563
20	0.564493873516505
20.1	0.568552027047488
20.2	0.563940035618725
20.3	0.556414205072964
20.4	0.545258226733398
20.5	0.570372322431875
20.6	0.562343003981164
20.7	0.553249571821289
20.8	0.565050204868341
20.9	0.565005199364116
21	0.544108207006766
21.1	0.563290642021564
21.2	0.565386104952936
21.3	0.534317407387049
21.4	0.55471411174337
21.5	0.542882340037479
21.6	0.555052002470126
21.7	0.549400878257358
21.8	0.558553837481754
21.9	0.556579633561501
22	0.545031266980166
22.1	0.559515563368509
22.2	0.569958591629885
22.3	0.551543007959607
22.4	0.569004291688699
22.5	0.571316831214823
22.6	0.590559531069405
22.7	0.599462129788264
22.8	0.583842507060415
22.9	0.588847478146911
23	0.591143378042534
23.1	0.595148851525756
23.2	0.581099632314683
23.3	0.578338361475317
23.4	0.575299409175727
23.5	0.572570876837696
23.6	0.552580364085525
23.7	0.545193370316992
23.8	0.531401372214242
23.9	0.551221744100922
24	0.506264729123361
24.1	0.543738299535712
24.2	0.536198836440823
24.3	0.529965660501808
24.4	0.545122509177934
24.5	0.519885646240928
24.6	0.532492809051164
24.7	0.53470445787214
24.8	0.546720466639106
24.9	0.533717990484722
25	0.537974295732704
25.1	0.5512683246883
25.2	0.576214940448927
25.3	0.5811067780977
25.4	0.599176991149933
25.5	0.601276854279972
25.6	0.586804445016755
25.7	0.603201457549023
25.8	0.619762436499802
25.9	0.617482086663332
26	0.632667458769048
26.1	0.648648807405395
26.2	0.648640416785908
26.3	0.645471452902773
26.4	0.634563628667119
26.5	0.627488695176173
26.6	0.642711843986907
26.7	0.653863030236152
26.8	0.657859197965914
26.9	0.652812894165376
27	0.664299174269922
27.1	0.637572256805026
27.2	0.636496876430725
27.3	0.653163719255206
27.4	0.666558322550064
27.5	0.649318755322388
27.6	0.655687361932386
27.7	0.624993847886508
27.8	0.649801662035291
27.9	0.639021447646534
28	0.646644280341917
28.1	0.647541032265512
28.2	0.675788927598507
28.3	0.693163412152022
28.4	0.742484877571399
28.5	0.77175826143213
28.6	0.832589417200334
28.7	0.916972689501936
28.8	0.955222966771622
28.9	1.01316876178117
29	1.05196593819549
29.1	1.11072406427891
29.2	1.14960909608113
29.3	1.17669134124847
29.4	1.23534492329816
29.5	1.32590183315951
29.6	1.37745292334276
29.7	1.45234356123265
29.8	1.50025257157964
29.9	1.57856728774093
30	1.65245397124226
30.1	1.71728603754113
30.2	1.79520116286709
30.3	1.85144429266127
30.4	1.89385371407116
30.5	1.93997416008281
30.6	2.01929728693263
30.7	2.13888763023659
30.8	2.22805336678224
30.9	2.38808517485041
31	2.5720748640505
31.1	2.74657169064697
31.2	2.97273552088066
31.3	3.18476310443627
31.4	3.44548028208759
31.5	3.86685719806015
31.6	4.29275097576204
31.7	4.85045296809417
31.8	5.47585598301356
31.9	6.21266538966064
32	7.08855085824914
32.1	8.09811617918313
32.2	10
32.3	10
32.4	10
32.5	10
32.6	10
32.7	10
32.8	10
32.9	10
33	10
33.1	10
33.2	10
33.3	10
33.4	10
33.5	10
33.6	10
33.7	10
33.8	10
33.9	10
34	10
34.1	10
34.2	10
34.3	10
34.4	10
34.5	10
34.6	10
34.7	10
34.8	10
34.9	10
35	10
35.1	10
35.2	10
35.3	10
35.4	10
35.5	10
35.6	10
35.7	10
35.8	10
35.9	10
36	10
36.1	10
36.2	10
36.3	10
36.4	10
36.5	10
36.6	10
36.7	10
36.8	10
36.9	10
37	10
37.1	10
37.2	10
37.3	10
37.4	10
37.5	10
37.6	10
37.7	10
37.8	10
37.9	10
38	10
38.1	10
38.2	10
38.3	10
38.4	10
38.5	10
38.6	10
38.7	10
38.8	10
38.9	10
39	10
39.1	10
39.2	10
39.3	10
39.4	10
39.5	10
39.6	10
39.7	10
39.8	10
39.9	10
40	10
40.1	10
40.2	10
40.3	10
40.4	10
40.5	10
40.6	10
40.7	10
40.8	10
40.9	10
41	10
41.1	10
41.2	10
41.3	10
41.4	10
41.5	10
41.6	10
41.7	10
41.8	10
41.9	10
42	10
42.1	10
42.2	10
42.3	10
42.4	10
42.5	10
42.6	10
42.7	10
42.8	10
42.9	10
43	10
43.1	10
43.2	10
43.3	10
43.4	10
43.5	10
43.6	10
43.7	10
43.8	10
43.9	10
44	10
44.1	10
44.2	10
44.3	10
44.4	10
44.5	10
44.6	10
44.7	10
44.8	10
44.9	10
45	10
