0	0.0875977446353436
0.1	0.0495611577312096
0.2	0.0630236421519752
0.3	0.0427684816070805
0.4	0.0792179681798849
0.5	0.0440933231712074
0.6	0.070145330732438
0.7	0.0398400667454754
0.8	0.0634841736850846
0.9	0.0379978652423888
1	0.0695166644337405
1.1	0.087045556656658
1.2	0.0832799031081025
1.3	0.0601954090227856
1.4	0.0310090088207333
1.5	0.0599309224443372
1.6	0.0625021102010601
1.7	0.0717108395865928
1.8	0.0725209346338068
1.9	0.0564730329811355
2	0.06502791648187
2.1	0.0890959899124737
2.2	0.0816041969194707
2.3	0.0688989300552848
2.4	0.0741270805851931
2.5	0.0773367695493762
2.6	0.059794804086856
2.7	0.0718266567346839
2.8	0.0727223403101624
2.9	0.0836304305729069
3	0.078398967770318
3.1	0.0796336858230679
3.2	0.0702183986446697
3.3	0.076781204828255
3.4	0.0786535355084164
3.5	0.0843695452620926
3.6	0.065656046550515
3.7	0.0878098242556831
3.8	0.083511775176351
3.9	0.065117357664696
4	0.0899938345943408
4.1	0.0741509971551865
4.2	0.089811401585893
4.3	0.082416322951861
4.4	0.0725550558203662
4.5	0.0883246373111578
4.6	0.0802897130683164
4.7	0.0814402641065787
4.8	0.102619690379641
4.9	0.0870786749956712
5	0.0841718832870412
5.1	0.0726955328798193
5.2	0.091888270035654
5.3	0.0659323657630388
5.4	0.0951582092031395
5.5	0.0893170263976009
5.6	0.0903296597121471
5.7	0.102384527602027
5.8	0.0964941788725806
5.9	0.0979262496010559
6	0.0981671835329828
6.1	0.11439396718158
6.2	0.126979128310069
6.3	0.127032812736517
6.4	0.120418347601449
6.5	0.121661004286632
6.6	0.123016771386276
6.7	0.139842598602306
6.8	0.12463923388966
6.9	0.113387427310557
7	0.139136701771738
7.1	0.137501463227587
7.2	0.133081854304812
7.3	0.12427041543605
7.4	0.108186923584379
7.5	0.11220351146225
7.6	0.125586410611888
7.7	0.098461551295713
7.8	0.0968640658440884
7.9	0.111809606127967
8	0.10610949179423
8.1	0.117017965878987
8.2	0.129281141279013
8.3	0.0940296122043638
8.4	0.0920446984887391
8.5	0.0955165849920219
8.6	0.0971265312735685
8.7	0.10305441512104
8.8	0.106815315558796
8.9	0.113328305279091
9	0.117583966109071
9.1	0.116865091798113
9.2	0.0792011271556705
9.3	0.111393078495671
9.4	0.106368623151823
9.5	0.104838169140923
9.6	0.104430676158553
9.7	0.107747456433526
9.8	0.0917953492959424
9.9	0.104217889602298
10	0.11247821084423
10.1	0.10423883696086
10.2	0.109968328068086
10.3	0.122083301683206
10.4	0.116340678625857
10.5	0.117049028492955
10.6	0.122845218204426
10.7	0.121161017978422
10.8	0.137091685682649
10.9	0.13025494871785
11	0.15616479934398
11.1	0.201593037824077
11.2	0.27907437827195
11.3	0.259832389709508
11.4	0.316314684627803
11.5	0.337414069785609
11.6	0.311299249556707
11.7	0.3260436680981
11.8	0.358973864142218
11.9	0.373757925312355
12	0.362352594083521
12.1	0.352191006964511
12.2	0.363914481264755
12.3	0.323047309424386
12.4	0.309286293493744
12.5	0.266461300239351
12.6	0.234743647131341
12.7	0.218124691959243
12.8	0.214449901858458
12.9	0.189630780602318
13	0.192749888422335
13.1	0.268508464129682
13.2	0.266247225692178
13.3	0.361584803751478
13.4	0.421999757716547
13.5	0.487745807644957
13.6	0.560955856189096
13.7	0.641199976533977
13.8	0.679985351706614
13.9	0.786985883753682
14	0.872619590899348
14.1	0.977961957522148
14.2	1.02812988934124
14.3	1.09189721035121
14.4	1.06856182683491
14.5	1.05267406067613
14.6	0.993994832652975
14.7	0.939576174309984
14.8	0.860815173953088
14.9	0.80816040080814
15	0.730278686056865
15.1	0.660000184633544
15.2	0.602109611167539
15.3	0.57187406871811
15.4	0.522506278105382
15.5	0.53089760200062
15.6	0.531436678579918
15.7	0.511589432460263
15.8	0.514131499469656
15.9	0.540169668893084
16	0.585544567959397
16.1	0.630247230729756
16.2	0.639580592110401
16.3	0.710928403095027
16.4	0.743816835332667
16.5	0.7099253326789
16.6	0.681685547655139
16.7	0.684075453481336
16.8	0.705253515278021
16.9	0.738709839988478
17	0.620621968727809
17.1	0.676616614928309
17.2	0.582906320266148
17.3	0.636535633955416
17.4	0.581171053493243
17.5	0.625234072853966
17.6	0.555236684859253
17.7	0.626279260350018
17.8	0.564535829234421
17.9	0.518261488626341
18	0.527191983896907
18.1	0.566303033959287
18.2	0.57340442093751
18.3	0.544514331056566
18.4	0.54893775489423
18.5	0.557397710564961
18.6	0.560639838603807
18.7	0.573207302757617
18.8	0.563331494248061
18.9	0.55735178707223
19	0.564457089686609
19.1	0.561805457789781
19.2	0.555449585272442
19.3	0.547408488420781
19.4	0.527403154607587
19.5	0.536089571141987
19.6	0.544349235300479
19.7	0.529037561382327
19.8	0.532761215091187
19.9	0.531080827219804
20	0.526765756037246
20.1	0.53404582114318
20.2	0.527898479425193
20.3	0.543456157822947
20.4	0.553968248271393
20.5	0.530111952673817
20.6	0.534163565459494
20.7	0.51827309907627
20.8	0.529049330699958
20.9	0.522872380170566
21	0.52636991921855
21.1	0.491337544726999
21.2	0.523358224987429
21.3	0.515962923172528
21.4	0.494216895961176
21.5	0.518966037921583
21.6	0.520964703745369
21.7	0.498602780587638
21.8	0.49999518962843
21.9	0.495638758274412
22	0.512752391012423
22.1	0.512914812804105
22.2	0.508959160619285
22.3	0.529418205531222
22.4	0.524238344585697
22.5	0.515836891215908
22.6	0.498224991643466
22.7	0.518860017984575
22.8	0.502894501124781
22.9	0.517707033193556
23	0.494741898937858
23.1	0.507628810363609
23.2	0.496294953197946
23.3	0.485962090247968
23.4	0.512226390911644
23.5	0.519825877851742
23.6	0.514425011366276
23.7	0.519904435179934
23.8	0.522319045539549
23.9	0.520270536064613
24	0.522733147133567
24.1	0.488331785690094
24.2	0.508158240280647
24.3	0.520295241968596
24.4	0.505141996657505
24.5	0.506675823634912
24.6	0.511498176606886
24.7	0.509478324781027
24.8	0.507058766371927
24.9	0.516837222024663
25	0.52517240216506
25.1	0.531044497474615
25.2	0.517503226958486
25.3	0.516486352218918
25.4	0.510401504024898
25.5	0.509964776092598
25.6	0.520823423676189
25.7	0.517062926183587
25.8	0.502755654685978
25.9	0.516552292802025
26	0.519782139468139
26.1	0.523595122124052
26.2	0.502130333256403
26.3	0.495551072564495
26.4	0.495636310566912
26.5	0.516444337430138
26.6	0.469463845469253
26.7	0.501009914525822
26.8	0.482624512731241
26.9	0.48265091669435
27	0.482635516794666
27.1	0.481161199065487
27.2	0.48667228223512
27.3	0.504662257097164
27.4	0.498018048709016
27.5	0.513817698802909
27.6	0.521790061818165
27.7	0.515991587825514
27.8	0.51155418141927
27.9	0.52414363950459
28	0.521061497775785
28.1	0.524750011699098
28.2	0.528692901659406
28.3	0.524103435839562
28.4	0.516140300173159
28.5	0.528660949179514
28.6	0.542232522539817
28.7	0.542829804808907
28.8	0.55185661761125
28.9	0.546934588381253
29	0.578767175286129
29.1	0.555167110576367
29.2	0.573820693426638
29.3	0.567893157445685
29.4	0.513716646582489
29.5	0.540649329875526
29.6	0.550521402700212
29.7	0.561564324131667
29.8	0.574726211264661
29.9	0.581354806028408
30	0.561264576035989
30.1	0.56687994964336
30.2	0.538900520117014
30.3	0.560202239133706
30.4	0.568141802716369
30.5	0.55662443047093
30.6	0.576180730125879
30.7	0.583146723709065
30.8	0.591880996428819
30.9	0.595930446860564
31	0.615394940972318
31.1	0.605670528411285
31.2	0.618422385680411
31.3	0.637460057374728
31.4	0.654657066803418
31.5	0.691804640050225
31.6	0.692581962419668
31.7	0.731045659114698
31.8	0.755163082304731
31.9	0.786511835729725
32	0.779188394107381
32.1	0.758431015461177
32.2	0.780223321351466
32.3	0.830540367829344
32.4	0.844198051193834
32.5	0.870061459066533
32.6	0.979495388175132
32.7	1.08252119180391
32.8	1.16152506476665
32.9	1.24196630535894
33	1.35065607937962
33.1	1.40593213190642
33.2	1.47589946747614
33.3	1.49845564988832
33.4	1.56414169249133
33.5	1.64985851053031
33.6	1.71987019037698
33.7	1.78525257389267
33.8	1.85332531650693
33.9	1.89123533298304
34	2.01685967728253
34.1	2.08602173014191
34.2	2.2501262856257
34.3	2.33152012497953
34.4	2.44702565684783
34.5	2.55170163434324
34.6	2.74447068053522
34.7	2.92952761907567
34.8	3.17713325600621
34.9	3.54855316895716
35	3.99898203554566
35.1	4.44321941082949
35.2	5.02765775641031
35.3	5.64438555571937
35.4	6.29207713498989
35.5	7.1652506763287
35.6	8.10718597138763
35.7	10
35.8	10
35.9	10
36	10
36.1	10
36.2	10
36.3	10
36.4	10
36.5	10
36.6	10
36.7	10
36.8	10
36.9	10
37	10
37.1	10
37.2	10
37.3	10
37.4	10
37.5	10
37.6	10
37.7	10
37.8	10
37.9	10
38	10
38.1	10
38.2	10
38.3	10
38.4	10
38.5	10
38.6	10
38.7	10
38.8	10
38.9	10
39	10
39.1	10
39.2	10
39.3	10
39.4	10
39.5	10
39.6	10
39.7	10
39.8	10
39.9	10
40	10
40.1	10
40.2	10
40.3	10
40.4	10
40.5	10
40.6	10
40.7	10
40.8	10
40.9	10
41	10
41.1	10
41.2	10
41.3	10
41.4	10
41.5	10
41.6	10
41.7	10
41.8	10
41.9	10
42	10
42.1	10
42.2	10
42.3	10
42.4	10
42.5	10
42.6	10
42.7	10
42.8	10
42.9	10
43	10
43.1	10
43.2	10
43.3	10
43.4	10
43.5	10
43.6	10
43.7	10
43.8	10
43.9	10
44	10
44.1	10
44.2	10
44.3	10
44.4	10
44.5	10
44.6	10
44.7	10
44.8	10
44.9	10
45	10
