0	0.0696578151881695
0.1	0.0179480252271363
0.2	0.0387074396669244
0.3	0.011843530648388
0.4	0.0381490370662262
0.5	0.0273184553991692
0.6	0.0318269114810974
0.7	0.040992257722731
0.8	0.023491415473943
0.9	0.0336299511319958
1	0.0175171118440728
1.1	0.0457694198866375
1.2	0.060417779375799
1.3	0.0570275114246953
1.4	0.0306197601680954
1.5	0.00120697700954039
1.6	0.031562692069759
1.7	0.0289042290598154
1.8	0.0480701440344565
1.9	0.0329348358712936
2	0.0380558437736083
2.1	0.0295205824577715
2.2	0.0432771643844124
2.3	0.0573327312969292
2.4	0.0462152312081307
2.5	0.0350656601367518
2.6	0.0523753504397661
2.7	0.0475131598722653
2.8	0.031371033443759
2.9	0.046243332619934
3	0.0354629456712864
3.1	0.0544448880316535
3.2	0.0478948249196012
3.3	0.0481977352476679
3.4	0.047578451857126
3.5	0.0507234946177342
3.6	0.031197425821796
3.7	0.0559857027244289
3.8	0.0595005690245889
3.9	0.0348623954183422
4	0.0623449787087738
4.1	0.0567671703870098
4.2	0.0473867103448137
4.3	0.0695347603304155
4.4	0.0456811271837602
4.5	0.0619275855538436
4.6	0.0527979011765371
4.7	0.0486455565879586
4.8	0.0730698072053493
4.9	0.0555297715719789
5	0.0630530606570344
5.1	0.0457952497603836
5.2	0.0802123517701401
5.3	0.0449806642498972
5.4	0.0625442144973213
5.5	0.0375813854633211
5.6	0.0607632371683918
5.7	0.0354123723532537
5.8	0.0858853096380675
5.9	0.044472736516502
6	0.064351170626469
6.1	0.0506548497886397
6.2	0.0661648456058463
6.3	0.0678801643152256
6.4	0.0720671318322419
6.5	0.074488915743384
6.6	0.0902781002018601
6.7	0.0998891354960312
6.8	0.0968782421310122
6.9	0.0866157902107804
7	0.0884797921689847
7.1	0.0847850872404719
7.2	0.11398033369612
7.3	0.0762414520333599
7.4	0.0872400588476252
7.5	0.104241397014819
7.6	0.0994449561426106
7.7	0.108050570267175
7.8	0.0969152970479335
7.9	0.0912160998776864
8	0.0839555895614128
8.1	0.0760509603775571
8.2	0.0934712967706534
8.3	0.0693739266062615
8.4	0.0726333301533018
8.5	0.08689689326263
8.6	0.073384683632292
8.7	0.0866337648869958
8.8	0.0817847045719007
8.9	0.0856613526073823
9	0.0697740417574533
9.1	0.0632806393827777
9.2	0.066279843620956
9.3	0.0838189955542338
9.4	0.0762251613483144
9.5	0.0737666361264416
9.6	0.087331223253161
9.7	0.102366621727589
9.8	0.0920039183126465
9.9	0.0742054856861937
10	0.103300993390381
10.1	0.0911569650178232
10.2	0.085207976267673
10.3	0.0958598020798525
10.4	0.0870004065160949
10.5	0.109457437930163
10.6	0.063998608927243
10.7	0.098824510563553
10.8	0.110360716254916
10.9	0.10778368426448
11	0.112132270610193
11.1	0.126714110469795
11.2	0.12802081145222
11.3	0.12385742438736
11.4	0.143008324845461
11.5	0.137736674728105
11.6	0.16039372639001
11.7	0.17166335297894
11.8	0.177764889954765
11.9	0.232568701462996
12	0.324013129832922
12.1	0.428700437764248
12.2	0.40467531560765
12.3	0.456389568099055
12.4	0.471796009847273
12.5	0.439042182787865
12.6	0.450815716094803
12.7	0.496986261750571
12.8	0.492729990780354
12.9	0.517123571608448
13	0.490308020348505
13.1	0.537154145008341
13.2	0.555469499349128
13.3	0.530509946699001
13.4	0.528434424327141
13.5	0.498231807712291
13.6	0.464980182652205
13.7	0.446657652493683
13.8	0.426871770116034
13.9	0.426945657700299
14	0.406572063038124
14.1	0.473265886039474
14.2	0.45009554822246
14.3	0.554178752785239
14.4	0.621745952896774
14.5	0.667405735427902
14.6	0.745954199694873
14.7	0.772423814643989
14.8	0.881999662741226
14.9	0.859329300835994
15	0.896049070942784
15.1	0.911493841962268
15.2	0.950328356207659
15.3	0.960577889182371
15.4	0.969138602834662
15.5	0.944826236541692
15.6	0.896155592190102
15.7	0.852865542816618
15.8	0.794826195121432
15.9	0.753568531353492
16	0.703192148769894
16.1	0.69435220848439
16.2	0.659855583353899
16.3	0.639508390959527
16.4	0.620683356838999
16.5	0.619610294752638
16.6	0.57975412441885
16.7	0.591389567962033
16.8	0.590283829864872
16.9	0.587392283722176
17	0.566002860894364
17.1	0.562085252545279
17.2	0.612371480270291
17.3	0.587959000011713
17.4	0.604059492750326
17.5	0.598156768552532
17.6	0.664965895643455
17.7	0.602862001472502
17.8	0.580701040113266
17.9	0.591573416645658
18	0.594501902195392
18.1	0.593527927022661
18.2	0.645220889059749
18.3	0.588832760119838
18.4	0.611702066018634
18.5	0.598530826860911
18.6	0.553093356588215
18.7	0.586947856925933
18.8	0.553161971399251
18.9	0.596069377077482
19	0.543499127252554
19.1	0.608141927748374
19.2	0.557726990514201
19.3	0.531165737665273
19.4	0.53909621564874
19.5	0.537336028051563
19.6	0.590444232068801
19.7	0.561565236625858
19.8	0.556937356236536
19.9	0.585147793289778
20	0.562813585220215
20.1	0.564229120640899
20.2	0.577020709710428
20.3	0.559151957972945
20.4	0.553111630942207
20.5	0.562023550586891
20.6	0.55129508166314
20.7	0.556864495518443
20.8	0.553735440033488
20.9	0.531533444464318
21	0.537983845348877
21.1	0.542515863145585
21.2	0.550652929473382
21.3	0.569096366923455
21.4	0.585725305814284
21.5	0.591321750065021
21.6	0.578878012524684
21.7	0.59634852692468
21.8	0.558190689003192
21.9	0.564109809530026
22	0.547958310705958
22.1	0.530330028662845
22.2	0.504502603315166
22.3	0.516692862819977
22.4	0.533377601065983
22.5	0.523275925276335
22.6	0.531463623380522
22.7	0.532629834016667
22.8	0.499466730909888
22.9	0.512261373283536
23	0.492655159042721
23.1	0.475306851256873
23.2	0.4961528477661
23.3	0.505988492756343
23.4	0.48866340033547
23.5	0.513358292447403
23.6	0.496337773925936
23.7	0.515654371540178
23.8	0.523671598481946
23.9	0.487361822688545
24	0.508070871507749
24.1	0.5100763540266
24.2	0.51910660006492
24.3	0.511180175386995
24.4	0.496565387311411
24.5	0.497641515781542
24.6	0.476013573143516
24.7	0.496280268132405
24.8	0.490547680365311
24.9	0.532875611937954
25	0.520450444361058
25.1	0.508167627931417
25.2	0.515232286169194
25.3	0.509743591464803
25.4	0.536548838142111
25.5	0.50895800139592
25.6	0.524541159369052
25.7	0.503603276396528
25.8	0.524602851128497
25.9	0.504195195543153
26	0.486115277978824
26.1	0.504733211162268
26.2	0.500882985286531
26.3	0.491623755417259
26.4	0.493809018055443
26.5	0.496376607244174
26.6	0.502466641587633
26.7	0.486404465056083
26.8	0.490740231968618
26.9	0.50841443753553
27	0.513855278736388
27.1	0.510103588446897
27.2	0.497351401014098
27.3	0.504772443387832
27.4	0.498480790895138
27.5	0.498692483231285
27.6	0.504686007792421
27.7	0.515097196698606
27.8	0.491212850981876
27.9	0.498382749428027
28	0.510155995386963
28.1	0.521853147719221
28.2	0.50640482117387
28.3	0.495900004254537
28.4	0.498348644572466
28.5	0.496314533602192
28.6	0.510925499558821
28.7	0.474110127760414
28.8	0.512632529453345
28.9	0.49828842488049
29	0.483065676536489
29.1	0.478240836003155
29.2	0.475200432011237
29.3	0.468142848854205
29.4	0.477147399677313
29.5	0.502052405010074
29.6	0.471235322799843
29.7	0.498886503656919
29.8	0.507500359019905
29.9	0.489807975739094
30	0.499161362900632
30.1	0.515029179233039
30.2	0.507156049287936
30.3	0.516440219944168
30.4	0.516646375207851
30.5	0.50021060596389
30.6	0.493948362661759
30.7	0.49362836277904
30.8	0.497786073888187
30.9	0.510828675528406
31	0.502865366048102
31.1	0.522956511499769
31.2	0.520086051895618
31.3	0.53892421417798
31.4	0.512338085512106
31.5	0.53260839862682
31.6	0.523561153172942
31.7	0.479644891179126
31.8	0.511952936755843
31.9	0.498643872913846
32	0.510278617084647
32.1	0.530483803874667
32.2	0.52343295036429
32.3	0.53202405086832
32.4	0.497543056580005
32.5	0.507706309290193
32.6	0.496131597764092
32.7	0.506171728992544
32.8	0.509235988458153
32.9	0.505332616612897
33	0.530949605726928
33.1	0.549021847097609
33.2	0.556578178483199
33.3	0.576302284535658
33.4	0.578834246027715
33.5	0.587201961568248
33.6	0.587955914211928
33.7	0.604513969605109
33.8	0.633897774734029
33.9	0.628444614583044
34	0.635799047301328
34.1	0.633794783281919
34.2	0.658780207201793
34.3	0.663628396226818
34.4	0.68480208654952
34.5	0.668148800009512
34.6	0.620488277771431
34.7	0.628017128977806
34.8	0.687280961353332
34.9	0.701429306245098
35	0.728755268103752
35.1	0.793367506251791
35.2	0.889168604895473
35.3	0.950499846984399
35.4	1.0119986801045
35.5	1.08955903495986
35.6	1.18165408142416
35.7	1.24596955294888
35.8	1.34246987163867
35.9	1.35680847778526
36	1.4237056431598
36.1	1.45379341786545
36.2	1.54325985922696
36.3	1.5875746960165
36.4	1.62450173052959
36.5	1.62363647174664
36.6	1.69252918593585
36.7	1.76685166972999
36.8	1.83772346365949
36.9	2.0045257495218
37	2.09002708770365
37.1	2.22163777111346
37.2	2.35557124883308
37.3	2.50736844481186
37.4	2.74766619532865
37.5	2.94550717782136
37.6	3.24414213254551
37.7	3.64929916894747
37.8	4.00677038848773
37.9	4.46173846776225
38	5.02036478623376
38.1	5.71685904548267
38.2	6.31567178778539
38.3	7.22564459810715
38.4	8.09695928421617
38.5	10
38.6	10
38.7	10
38.8	10
38.9	10
39	10
39.1	10
39.2	10
39.3	10
39.4	10
39.5	10
39.6	10
39.7	10
39.8	10
39.9	10
40	10
40.1	10
40.2	10
40.3	10
40.4	10
40.5	10
40.6	10
40.7	10
40.8	10
40.9	10
41	10
41.1	10
41.2	10
41.3	10
41.4	10
41.5	10
41.6	10
41.7	10
41.8	10
41.9	10
42	10
42.1	10
42.2	10
42.3	10
42.4	10
42.5	10
42.6	10
42.7	10
42.8	10
42.9	10
43	10
43.1	10
43.2	10
43.3	10
43.4	10
43.5	10
43.6	10
43.7	10
43.8	10
43.9	10
44	10
44.1	10
44.2	10
44.3	10
44.4	10
44.5	10
44.6	10
44.7	10
44.8	10
44.9	10
45	10
