0	0.06942455930233
0.1	0.0159327192094283
0.2	0.0369270995789844
0.3	0.0114202643093212
0.4	0.0342353079686978
0.5	0.0278310125097194
0.6	0.0285412428786034
0.7	0.0426254687338898
0.8	0.0198496806685869
0.9	0.0296809946424739
1	0.0108427308721844
1.1	0.0438009537824919
1.2	0.0557838156002436
1.3	0.0591521050301479
1.4	0.0311489203643891
1.5	0.00491285285258478
1.6	0.0318396137144892
1.7	0.0271194040432026
1.8	0.0448816867516762
1.9	0.0279018823893711
2	0.0441421843711997
2.1	0.0296306739339348
2.2	0.0359644347806742
2.3	0.05992708542318
2.4	0.0465704513131833
2.5	0.0372520167328282
2.6	0.0413407033367091
2.7	0.0526104752042127
2.8	0.0281478446597523
2.9	0.042295974215574
3	0.0394497706544861
3.1	0.0531222779212103
3.2	0.0494241343115651
3.3	0.0461121977987677
3.4	0.0486295384587767
3.5	0.0455637500292448
3.6	0.041739646124008
3.7	0.0483998696441552
3.8	0.0641334560903407
3.9	0.0421007458387605
4	0.0565083052671387
4.1	0.0581585038363318
4.2	0.0493076493029262
4.3	0.0678151293910874
4.4	0.0476378484933382
4.5	0.0511259629259831
4.6	0.0542589573310143
4.7	0.0573559751514594
4.8	0.055203221350021
4.9	0.0621401004120299
5	0.0560777383904802
5.1	0.0603760484423103
5.2	0.0686540537403908
5.3	0.070471174453996
5.4	0.0355606887521579
5.5	0.0475919333328202
5.6	0.0457164062147178
5.7	0.0618223351978426
5.8	0.0686768469454856
5.9	0.0349214190002294
6	0.0604011813590785
6.1	0.0537023511713207
6.2	0.0686493478124702
6.3	0.0586955558313602
6.4	0.0708621164713412
6.5	0.0662523536052846
6.6	0.0844094325199145
6.7	0.095738102583668
6.8	0.0973006469098588
6.9	0.0942257001298528
7	0.0862180184864566
7.1	0.0829661702480489
7.2	0.0917654843064797
7.3	0.101698794652507
7.4	0.0900813595257773
7.5	0.0748735999564976
7.6	0.105641262464955
7.7	0.103000920427537
7.8	0.108826484313538
7.9	0.0927822517723815
8	0.0854745053338173
8.1	0.0872643980921701
8.2	0.0781963705854021
8.3	0.0867961871680886
8.4	0.0578899520757863
8.5	0.0813129308304368
8.6	0.0776405331725544
8.7	0.0791787339448003
8.8	0.0872796370987897
8.9	0.0925834024385305
9	0.0668756356818313
9.1	0.0721077928250152
9.2	0.0680881538920776
9.3	0.0593553074176642
9.4	0.091639585932598
9.5	0.0785771675179417
9.6	0.0654372571678496
9.7	0.0958758200466401
9.8	0.0919480394169496
9.9	0.107847766078683
10	0.0601979909869804
10.1	0.0998510499617083
10.2	0.0944523000647486
10.3	0.0826002142664721
10.4	0.0945751772559089
10.5	0.0860986322674733
10.6	0.118670792543676
10.7	0.0713278524883771
10.8	0.101949946460253
10.9	0.114344720308704
11	0.1101668199606
11.1	0.118266451437612
11.2	0.131712782673766
11.3	0.130454444364797
11.4	0.131469821146454
11.5	0.148339840794555
11.6	0.144327388701517
11.7	0.16793069666177
11.8	0.177800524392644
11.9	0.187938707628106
12	0.24420137864005
12.1	0.34407957088847
12.2	0.439669598322692
12.3	0.421671529663229
12.4	0.474387789411261
12.5	0.489684451163009
12.6	0.45824117048538
12.7	0.467476274299375
12.8	0.512693077131309
12.9	0.50712517130812
13	0.539787848728695
13.1	0.526839737728793
13.2	0.575066586878785
13.3	0.595466916511965
13.4	0.570226194439881
13.5	0.569141098209901
13.6	0.539600715697786
13.7	0.509942308269389
13.8	0.498319990411822
13.9	0.472909795535396
14	0.486769005873102
14.1	0.464493542365677
14.2	0.505838657981646
14.3	0.49062263140923
14.4	0.575117621478924
14.5	0.633519106221174
14.6	0.681597861783357
14.7	0.748898105726657
14.8	0.780549172272795
14.9	0.852816601338982
15	0.837904293799041
15.1	0.861047413582298
15.2	0.888595354346505
15.3	0.899409779429879
15.4	0.95654088124249
15.5	0.940879320941902
15.6	0.939063959201399
15.7	0.879187907533984
15.8	0.856913974138815
15.9	0.806126297090239
16	0.772172108391268
16.1	0.714833688321523
16.2	0.702402047741774
16.3	0.675387118485975
16.4	0.646413821682587
16.5	0.635045729994404
16.6	0.638178153554593
16.7	0.610129468475791
16.8	0.593118268563732
16.9	0.595104739676083
17	0.603281570012424
17.1	0.587113595782165
17.2	0.576022534588211
17.3	0.595286193293054
17.4	0.598052979752968
17.5	0.617755753876976
17.6	0.604273736720923
17.7	0.664287354375861
17.8	0.585094864438124
17.9	0.599686022190598
18	0.585107212452459
18.1	0.601685430777595
18.2	0.592021164319742
18.3	0.630460424368121
18.4	0.613223422651531
18.5	0.579352275784753
18.6	0.614901393016886
18.7	0.562222208144705
18.8	0.565376951421895
18.9	0.568648522056619
19	0.560676352677327
19.1	0.607797361114655
19.2	0.574577660054074
19.3	0.585524110441261
19.4	0.543538754937123
19.5	0.550233705867323
19.6	0.509410871912316
19.7	0.588104685390889
19.8	0.585551450047988
19.9	0.557061000275517
20	0.574220615028303
20.1	0.586972983824606
20.2	0.564168106136866
20.3	0.567797363252453
20.4	0.565792750621723
20.5	0.549769739451233
20.6	0.559836390947915
20.7	0.558001926887008
20.8	0.56301516753168
20.9	0.556075948906377
21	0.55420393068302
21.1	0.544954084514188
21.2	0.549393782170579
21.3	0.562120462237492
21.4	0.568746240164087
21.5	0.589545674374517
21.6	0.594706060683074
21.7	0.583982932840292
21.8	0.564742314213812
21.9	0.588783149530939
22	0.558189537430494
22.1	0.561912361650685
22.2	0.537605917312256
22.3	0.511473809601027
22.4	0.516176656353857
22.5	0.523906451257383
22.6	0.535827558277908
22.7	0.523939237666293
22.8	0.540764881424541
22.9	0.515159376306408
23	0.509182642602681
23.1	0.516611277662384
23.2	0.490745542633562
23.3	0.490158161232333
23.4	0.504196024204444
23.5	0.504881723785739
23.6	0.501719838840496
23.7	0.520776000032825
23.8	0.505176308542493
23.9	0.525882808472198
24	0.522842114262093
24.1	0.495189284187825
24.2	0.516310939861841
24.3	0.51167565184553
24.4	0.517821417230356
24.5	0.508235832625231
24.6	0.489572480264174
24.7	0.493132155531108
24.8	0.484301950142527
24.9	0.506624158577709
25	0.499768294334381
25.1	0.531311013853966
25.2	0.51410423366292
25.3	0.508319267098385
25.4	0.518127668826804
25.5	0.505885732198182
25.6	0.538037957662225
25.7	0.510911901840439
25.8	0.522223326324323
25.9	0.501273493541384
26	0.524941115644819
26.1	0.509859096069516
26.2	0.492581473140416
26.3	0.512289753024123
26.4	0.512291416558288
26.5	0.493912475418231
26.6	0.49640776162899
26.7	0.500027720105794
26.8	0.511298762752042
26.9	0.493888162467656
27	0.499504964018062
27.1	0.506836615138337
27.2	0.514612587851028
27.3	0.510587258739467
27.4	0.505998865679053
27.5	0.508290096406431
27.6	0.509863950597444
27.7	0.499244707341533
27.8	0.504142657874579
27.9	0.514124188279521
28	0.498844177165101
28.1	0.490368241821369
28.2	0.505534283506989
28.3	0.507514707896715
28.4	0.501074079173312
28.5	0.492010690970127
28.6	0.490700865405322
28.7	0.490274215669817
28.8	0.52393894391658
28.9	0.490343478770245
29	0.515781338914516
29.1	0.526076003552805
29.2	0.498964586784736
29.3	0.493213858016549
29.4	0.496804724569901
29.5	0.487210171534726
29.6	0.476646828507097
29.7	0.52295799577763
29.8	0.48978005546046
29.9	0.503474616866809
30	0.516885009439939
30.1	0.513505353575614
30.2	0.505871267150687
30.3	0.527073774202854
30.4	0.51764512623038
30.5	0.519591212303027
30.6	0.518756327448952
30.7	0.511283816620987
30.8	0.499383251074799
30.9	0.504526628373102
31	0.489727453040989
31.1	0.503549125016899
31.2	0.509153809735714
31.3	0.504441325715833
31.4	0.519511982804583
31.5	0.549458680806237
31.6	0.525321253603807
31.7	0.521443122375751
31.8	0.518957605075336
31.9	0.51140717973609
32	0.503316059244072
32.1	0.494311241989032
32.2	0.51373067124648
32.3	0.526906148513322
32.4	0.527329393055204
32.5	0.535328344941451
32.6	0.515893666926316
32.7	0.525034433903446
32.8	0.49171245855042
32.9	0.504287895249778
33	0.504826095247749
33.1	0.519839910055494
33.2	0.509208371726518
33.3	0.544921087365219
33.4	0.535447300139491
33.5	0.562779139878364
33.6	0.57194160630797
33.7	0.589405232904093
33.8	0.58064839178514
33.9	0.589605134199518
34	0.603176514091883
34.1	0.63236565102298
34.2	0.633838654283376
34.3	0.621575452768323
34.4	0.634774750761853
34.5	0.645335972023905
34.6	0.669042770793749
34.7	0.68150626772802
34.8	0.645221042257262
34.9	0.619092723451156
35	0.636642595502745
35.1	0.68097916081509
35.2	0.715588786161901
35.3	0.734569386731764
35.4	0.823316600000152
35.5	0.895312766426133
35.6	0.95810174797867
35.7	1.01621622545003
35.8	1.10240739333211
35.9	1.17998788487363
36	1.25330988510086
36.1	1.33809436329372
36.2	1.33813611983348
36.3	1.41135497220629
36.4	1.44936002775709
36.5	1.54890467176361
36.6	1.57016873604016
36.7	1.60788198979036
36.8	1.59296750055718
36.9	1.68474465097333
37	1.74538890632404
37.1	1.82844567481659
37.2	1.9764908368013
37.3	2.08155097755664
37.4	2.21693262084114
37.5	2.3463829347724
37.6	2.52167439169639
37.7	2.75334782725154
37.8	2.95958702576649
37.9	3.25933944713419
38	3.66251083953244
38.1	4.0118630601916
38.2	4.46135294218278
38.3	5.00577835162262
38.4	5.71732783354919
38.5	6.32316339469882
38.6	7.23547971166411
38.7	8.09659781507015
38.8	10
38.9	10
39	10
39.1	10
39.2	10
39.3	10
39.4	10
39.5	10
39.6	10
39.7	10
39.8	10
39.9	10
40	10
40.1	10
40.2	10
40.3	10
40.4	10
40.5	10
40.6	10
40.7	10
40.8	10
40.9	10
41	10
41.1	10
41.2	10
41.3	10
41.4	10
41.5	10
41.6	10
41.7	10
41.8	10
41.9	10
42	10
42.1	10
42.2	10
42.3	10
42.4	10
42.5	10
42.6	10
42.7	10
42.8	10
42.9	10
43	10
43.1	10
43.2	10
43.3	10
43.4	10
43.5	10
43.6	10
43.7	10
43.8	10
43.9	10
44	10
44.1	10
44.2	10
44.3	10
44.4	10
44.5	10
44.6	10
44.7	10
44.8	10
44.9	10
45	10
