0	0.0698836746430397
0.1	0.0205718395568509
0.2	0.0408912453581471
0.3	0.0134929152648073
0.4	0.0425230424025498
0.5	0.0255902478239254
0.6	0.0352420741128922
0.7	0.0380592015037255
0.8	0.0284923899471132
0.9	0.0340185669465912
1	0.0253531652412917
1.1	0.0473273697279001
1.2	0.0645089481082715
1.3	0.0536830810441468
1.4	0.0314994843537557
1.5	0.00891730966011156
1.6	0.0339696223069178
1.7	0.033875928986449
1.8	0.0484576025220908
1.9	0.0439071680021286
2	0.0350799540685353
2.1	0.0354488272584583
2.2	0.0569740690978578
2.3	0.0575442467343023
2.4	0.049519154319324
2.5	0.0351027173252012
2.6	0.0729841964311978
2.7	0.044517629509427
2.8	0.0392462937473937
2.9	0.0542667951200197
3	0.0459870862614795
3.1	0.0591444514462666
3.2	0.0484395363196888
3.3	0.0532797566690884
3.4	0.0473090239230269
3.5	0.0578347716972859
3.6	0.0418954966224182
3.7	0.0649899405243523
3.8	0.0548973205912114
3.9	0.0481555968308293
4	0.063649732688634
4.1	0.0556324961640176
4.2	0.0618224717527944
4.3	0.0574814716723719
4.4	0.0512485087318172
4.5	0.0618786171894481
4.6	0.0608667713269434
4.7	0.0523579004697818
4.8	0.0701526610873246
4.9	0.0601781420159967
5	0.0666309536171587
5.1	0.0699022961694396
5.2	0.0770870982877204
5.3	0.0382081110146484
5.4	0.0525076332780561
5.5	0.0510638578533813
5.6	0.0632988347986185
5.7	0.0791062821255625
5.8	0.0331247353497457
5.9	0.0650254513343071
6	0.0548598818930513
6.1	0.0764197239976101
6.2	0.0671090698417551
6.3	0.0747751967867425
6.4	0.0705819432579217
6.5	0.0898356494778239
6.6	0.10167257462307
6.7	0.101477152123294
6.8	0.0965474874501792
6.9	0.0945033165841433
7	0.0870925469801457
7.1	0.109170755020208
7.2	0.0869723701241766
7.3	0.0999515019635308
7.4	0.0980382222809767
7.5	0.103904266537044
7.6	0.110655551961064
7.7	0.104629563240676
7.8	0.0967889986383915
7.9	0.0851002080335508
8	0.0830108724920059
8.1	0.0969680237295205
8.2	0.0773514901063632
8.3	0.0712018727779391
8.4	0.0927377930338761
8.5	0.0763415243783829
8.6	0.0888639306313427
8.7	0.0835778266379472
8.8	0.0940434605431862
8.9	0.0719765408106855
9	0.0669044476769472
9.1	0.0706226498550646
9.2	0.0862924406816769
9.3	0.0799194360485831
9.4	0.0798966084431501
9.5	0.0931385905264321
9.6	0.105582487599002
9.7	0.0964596020275505
9.8	0.0740902436903577
9.9	0.105483578218049
10	0.0935870872572221
10.1	0.0858495281979363
10.2	0.0951950420136514
10.3	0.0858149542562428
10.4	0.112268401167111
10.5	0.0675674025232312
10.6	0.0987877129459851
10.7	0.109191784981442
10.8	0.103656042690371
10.9	0.112080535162758
11	0.125326731729508
11.1	0.121173675111885
11.2	0.123930096402043
11.3	0.139470952145991
11.4	0.137134070276022
11.5	0.159569650739549
11.6	0.162085754905437
11.7	0.180222105598053
11.8	0.233972773188502
11.9	0.333932142400085
12	0.393149142470924
12.1	0.397975313667828
12.2	0.446555632436119
12.3	0.433788658816657
12.4	0.413955828137304
12.5	0.435257518223697
12.6	0.46779131845675
12.7	0.488427472652213
12.8	0.490692149971315
12.9	0.479035120896274
13	0.516085343407298
13.1	0.519748019211546
13.2	0.498524236202569
13.3	0.469456058033489
13.4	0.450132707684244
13.5	0.423388505475521
13.6	0.39972122842133
13.7	0.400177857820863
13.8	0.365942140559553
13.9	0.357002378278734
14	0.440692778684403
14.1	0.468237440118194
14.2	0.56134938092718
14.3	0.636888473193332
14.4	0.696869348817218
14.5	0.76789678261397
14.6	0.811872184689762
14.7	0.881161888022785
14.8	0.886680295850945
14.9	0.950461798827037
15	0.962450009420107
15.1	1.03082002619866
15.2	0.986888981322646
15.3	0.995425881681772
15.4	0.914878427679978
15.5	0.878265710661913
15.6	0.816957886885906
15.7	0.780781158374861
15.8	0.726811974417802
15.9	0.706223601081842
16	0.677911780294015
16.1	0.642974542001438
16.2	0.62037368959391
16.3	0.619129118260706
16.4	0.594832798381331
16.5	0.575336066600875
16.6	0.570367277320761
16.7	0.578562930023607
16.8	0.558118885532007
16.9	0.551240110811532
17	0.589469048365877
17.1	0.581941061117872
17.2	0.605956562829441
17.3	0.598373957400349
17.4	0.689049300843195
17.5	0.612579619841003
17.6	0.589654603399507
17.7	0.586048988686769
17.8	0.594316797603478
17.9	0.597222463446032
18	0.655875358485172
18.1	0.599977342614869
18.2	0.604487093082036
18.3	0.604857239632356
18.4	0.549761327877931
18.5	0.590070020433779
18.6	0.557490402953647
18.7	0.601604821643755
18.8	0.542084880414249
18.9	0.613216579311889
19	0.560322971402127
19.1	0.540002650276758
19.2	0.547856799334307
19.3	0.551602709267097
19.4	0.599717613339706
19.5	0.566347904336517
19.6	0.579504432998881
19.7	0.61006155425393
19.8	0.572814685224417
19.9	0.5737490755463
20	0.58377527159683
20.1	0.56387784797739
20.2	0.563364984920676
20.3	0.565862330614497
20.4	0.559468714468887
20.5	0.547146682975272
20.6	0.545091059773827
20.7	0.527800897699416
20.8	0.534651101320559
20.9	0.532411652473137
21	0.537699082415421
21.1	0.559991607595492
21.2	0.577685975926263
21.3	0.591064128902369
21.4	0.576307310103504
21.5	0.605652361577547
21.6	0.571764066071698
21.7	0.566023929001493
21.8	0.5473781410519
21.9	0.517689795029641
22	0.515102575753551
22.1	0.523767404268219
22.2	0.527199784592845
22.3	0.530426617568072
22.4	0.543301299243208
22.5	0.509679000302511
22.6	0.524996670827828
22.7	0.505553166618802
22.8	0.484966028304696
22.9	0.505416471934805
23	0.513263864236866
23.1	0.50102957081321
23.2	0.510377078784862
23.3	0.51898801511632
23.4	0.508600749856076
23.5	0.530647544453556
23.6	0.517330382329225
23.7	0.499481760721904
23.8	0.511923069642578
23.9	0.509451331947893
24	0.522562083148047
24.1	0.512464968424218
24.2	0.493905713444699
24.3	0.475822246938751
24.4	0.490955282343836
24.5	0.486686026276039
24.6	0.52223308255725
24.7	0.534960229120924
24.8	0.514021060344012
24.9	0.51322713754908
25	0.527363609248705
25.1	0.531155080506383
25.2	0.528102369302606
25.3	0.525065902896607
25.4	0.537056465295248
25.5	0.534886465787816
25.6	0.515521803502785
25.7	0.499389764543748
25.8	0.507170918154254
25.9	0.510381988504043
26	0.494752162270358
26.1	0.488685393838169
26.2	0.495943903297892
26.3	0.494068408481879
26.4	0.480562888849409
26.5	0.487705303350832
26.6	0.499000335899295
26.7	0.504239549294849
26.8	0.505671078750597
26.9	0.497329148976261
27	0.497600864295026
27.1	0.500814478095663
27.2	0.50616686191471
27.3	0.510760727047327
27.4	0.517046516877304
27.5	0.498114762379384
27.6	0.496532778110167
27.7	0.51032262160478
27.8	0.514582636061578
27.9	0.505910713524011
28	0.491256721889094
28.1	0.485252758352714
28.2	0.488203855883426
28.3	0.507568487124994
28.4	0.466534243846159
28.5	0.504344936926328
28.6	0.486815912990587
28.7	0.47786956831845
28.8	0.471589448346103
28.9	0.477112679058894
29	0.472122949129797
29.1	0.482678810831215
29.2	0.503889830256199
29.3	0.479287049439394
29.4	0.512771256824253
29.5	0.519774154104626
29.6	0.497184053476296
29.7	0.509691653800897
29.8	0.510655395662785
29.9	0.505342851203935
30	0.515708698355877
30.1	0.511920551561431
30.2	0.498110043330365
30.3	0.499317239023361
30.4	0.49094635780871
30.5	0.501205004531373
30.6	0.506596454436968
30.7	0.506281642254293
30.8	0.524577980395916
30.9	0.536187657308785
31	0.538741904623911
31.1	0.522216259100702
31.2	0.536003777707494
31.3	0.531491041102692
31.4	0.490138480472452
31.5	0.513712944929385
31.6	0.521236885826572
31.7	0.534300461701813
31.8	0.543853594526821
31.9	0.542142862208697
32	0.529824631283378
32.1	0.522883457769036
32.2	0.490704352093606
32.3	0.506085845378563
32.4	0.502796501243099
32.5	0.527882930762725
32.6	0.51347682967528
32.7	0.550632112264387
32.8	0.538254174002202
32.9	0.565502124219921
33	0.5652139506385
33.1	0.588753204517422
33.2	0.58123608782463
33.3	0.5909516176913
33.4	0.599945182918145
33.5	0.62892327271605
33.6	0.644104549009738
33.7	0.645340885408283
33.8	0.669542647833502
33.9	0.672544893982886
34	0.698260907996632
34.1	0.694621252605204
34.2	0.646187644070161
34.3	0.640011723052649
34.4	0.68395009993183
34.5	0.706956575328548
34.6	0.740321489717771
34.7	0.780253349324999
34.8	0.889242822621434
34.9	0.948576616279224
35	1.02042603660549
35.1	1.08768760721498
35.2	1.19949007764852
35.3	1.2685176221326
35.4	1.36102866771975
35.5	1.39312358367381
35.6	1.43206176715388
35.7	1.47098999287884
35.8	1.55610185819674
35.9	1.62010327562842
36	1.65739820640486
36.1	1.67449431710839
36.2	1.71476672897016
36.3	1.80649079449247
36.4	1.85989751092214
36.5	2.02455338762254
36.6	2.12189508313307
36.7	2.24417467961063
36.8	2.37446773557243
36.9	2.51224301737898
37	2.76127467881871
37.1	2.95248787865736
37.2	3.24255035525388
37.3	3.65017253765068
37.4	4.02072750500136
37.5	4.47993692370226
37.6	5.03491817504201
37.7	5.72086300001753
37.8	6.33307172078382
37.9	7.24692591435343
38	8.11678931105852
38.1	10
38.2	10
38.3	10
38.4	10
38.5	10
38.6	10
38.7	10
38.8	10
38.9	10
39	10
39.1	10
39.2	10
39.3	10
39.4	10
39.5	10
39.6	10
39.7	10
39.8	10
39.9	10
40	10
40.1	10
40.2	10
40.3	10
40.4	10
40.5	10
40.6	10
40.7	10
40.8	10
40.9	10
41	10
41.1	10
41.2	10
41.3	10
41.4	10
41.5	10
41.6	10
41.7	10
41.8	10
41.9	10
42	10
42.1	10
42.2	10
42.3	10
42.4	10
42.5	10
42.6	10
42.7	10
42.8	10
42.9	10
43	10
43.1	10
43.2	10
43.3	10
43.4	10
43.5	10
43.6	10
43.7	10
43.8	10
43.9	10
44	10
44.1	10
44.2	10
44.3	10
44.4	10
44.5	10
44.6	10
44.7	10
44.8	10
44.9	10
45	10
