0	0.0920946813964844
0.1	0.0275395317446523
0.2	0.0442830085363768
0.3	0.0336465918073792
0.4	0.0319498717814597
0.5	0.0603063082059023
0.6	0.0328259421229363
0.7	0.062937432350047
0.8	0.0313393316900787
0.9	0.0410473334303368
1	0.030957431000235
1.1	0.0448233306907745
1.2	0.0539955249794324
1.3	0.0675253166027432
1.4	0.0664637818386416
1.5	0.0477662810122362
1.6	0.0211265451342471
1.7	0.0416401253489827
1.8	0.0343973858940083
1.9	0.0493883305933597
2	0.0427144074900945
2.1	0.068206239863617
2.2	0.04515278710143
2.3	0.0412115014551083
2.4	0.0602837873290415
2.5	0.0631599909418245
2.6	0.0458663913505434
2.7	0.0500219021993099
2.8	0.0653341231499605
2.9	0.064313041945454
3	0.044450001288566
3.1	0.0589004735505725
3.2	0.0502967824679179
3.3	0.0621335833690649
3.4	0.0573245146698939
3.5	0.0523066815179241
3.6	0.0587273361611884
3.7	0.0606227932769693
3.8	0.0711087247242962
3.9	0.0476684897257627
4	0.074417287899371
4.1	0.0716289030893701
4.2	0.0505043483991207
4.3	0.0766576963658638
4.4	0.0711491244757521
4.5	0.0711469025752596
4.6	0.0839932341896164
4.7	0.0624669648365353
4.8	0.0600766427719767
4.9	0.0656864167767532
5	0.0682077250022302
5.1	0.0587983026883308
5.2	0.0851748834006681
5.3	0.0651089250676932
5.4	0.0793293394953274
5.5	0.0582388314220552
5.6	0.0931497117243988
5.7	0.0568458268406251
5.8	0.0631895270841657
5.9	0.0519687424997741
6	0.0598304771074007
6.1	0.0805747146012214
6.2	0.075572929198961
6.3	0.0541392695631664
6.4	0.070280163687134
6.5	0.0717134722688261
6.6	0.0727591758421538
6.7	0.0681743407240178
6.8	0.0839059599367492
6.9	0.0907594555562732
7	0.0840432937293986
7.1	0.101770691478437
7.2	0.1095767046832
7.3	0.10340923448575
7.4	0.096804127258258
7.5	0.0938516863112433
7.6	0.0903564544418698
7.7	0.0966889046605289
7.8	0.114424414085391
7.9	0.0898696973873137
8	0.0890749190626282
8.1	0.111838252005577
8.2	0.10521441677951
8.3	0.11372973749559
8.4	0.100823667216819
8.5	0.0968691237507206
8.6	0.0952449766169077
8.7	0.0859548078435746
8.8	0.0894607979352006
8.9	0.09312865239281
9	0.07192451912315
9.1	0.0994437085738361
9.2	0.0841044046847026
9.3	0.0899550669144984
9.4	0.0989171017774233
9.5	0.095895801491807
9.6	0.0959438961957154
9.7	0.0883033720366477
9.8	0.0747593292750134
9.9	0.0834429149207082
10	0.0862309546744312
10.1	0.101243192438881
10.2	0.0940299139390994
10.3	0.0759786320043393
10.4	0.110820514008636
10.5	0.105789402803398
10.6	0.13440804905036
10.7	0.081508711612452
10.8	0.119520302393384
10.9	0.117232513239568
11	0.103655819072608
11.1	0.116387209505154
11.2	0.113983963348007
11.3	0.133809226549717
11.4	0.114432017369754
11.5	0.132529609788425
11.6	0.145206993949638
11.7	0.160841266323069
11.8	0.159884441696889
11.9	0.17631477393311
12	0.182254897245506
12.1	0.181054499788595
12.2	0.187181042444104
12.3	0.205744855442285
12.4	0.200041074511812
12.5	0.232836306682424
12.6	0.253562352898484
12.7	0.259174887785132
12.8	0.316454848266793
12.9	0.397759540316623
13	0.535688601610811
13.1	0.573126713342536
13.2	0.623956073353308
13.3	0.677431982312654
13.4	0.686071481930201
13.5	0.683884986829084
13.6	0.707298508524543
13.7	0.765191899210045
13.8	0.780881095659137
13.9	0.817149160756798
14	0.809153035692048
14.1	0.855310140860597
14.2	0.898083202126071
14.3	0.886095706115917
14.4	0.873702176003818
14.5	0.83377844927499
14.6	0.803727150046272
14.7	0.746795590481758
14.8	0.694994671046255
14.9	0.632912489116787
15	0.598219185793831
15.1	0.516469303186374
15.2	0.515808738477394
15.3	0.44575201669102
15.4	0.486088538504998
15.5	0.470228096853258
15.6	0.522392597666452
15.7	0.547196373817038
15.8	0.574577623586984
15.9	0.610676680490638
16	0.678299404136521
16.1	0.678567108218869
16.2	0.753595787336284
16.3	0.760690190999151
16.4	0.836342480759632
16.5	0.875234425690027
16.6	0.916756831428851
16.7	0.932479287237939
16.8	0.898940519004317
16.9	0.8792178979007
17	0.855835019426933
17.1	0.825534276162981
17.2	0.796124092132054
17.3	0.771921314193574
17.4	0.760143635590379
17.5	0.740369022869723
17.6	0.725053840230781
17.7	0.712566680321711
17.8	0.70724448873162
17.9	0.662924028827716
18	0.662630986739319
18.1	0.678216729970371
18.2	0.68596995589239
18.3	0.673287968381479
18.4	0.663291916539934
18.5	0.685238360179048
18.6	0.701116195520852
18.7	0.709005098607051
18.8	0.701112539677492
18.9	0.705492971940274
19	0.696852466594773
19.1	0.683699501777945
19.2	0.655230887399436
19.3	0.683370891143504
19.4	0.682533775533709
19.5	0.666270088942824
19.6	0.705955552316877
19.7	0.660197019514036
19.8	0.649921617815547
19.9	0.680728621071638
20	0.654850695060476
20.1	0.618262083408525
20.2	0.647233095070485
20.3	0.636748270794096
20.4	0.694285112334991
20.5	0.626590974744921
20.6	0.682813593692697
20.7	0.62591952942185
20.8	0.604187606215129
20.9	0.594442868598179
21	0.566667093649365
21.1	0.646712138396567
21.2	0.626408256056841
21.3	0.593422802329661
21.4	0.627737324546224
21.5	0.636920617658375
21.6	0.62837471421751
21.7	0.63135144378507
21.8	0.659805820563649
21.9	0.640355323694191
22	0.635754434227573
22.1	0.64786318969927
22.2	0.622123921415774
22.3	0.626538649803906
22.4	0.621085739641604
22.5	0.598843845672293
22.6	0.604360190631921
22.7	0.603301414200128
22.8	0.600539502122643
22.9	0.605096211505397
23	0.608838956183593
23.1	0.619334747484909
23.2	0.623663847410054
23.3	0.615337858132156
23.4	0.645401395963066
23.5	0.580374302551966
23.6	0.605474206118874
23.7	0.604766632792625
23.8	0.592216726209784
23.9	0.548523950141918
24	0.566948904519236
24.1	0.572202968680373
24.2	0.558787339990309
24.3	0.536305425383917
24.4	0.573528217474374
24.5	0.546868932000889
24.6	0.542843489708162
24.7	0.560022249898199
24.8	0.536997781545192
24.9	0.535384264701868
25	0.550501679326719
25.1	0.57648177156979
25.2	0.545941459927595
25.3	0.574829230722785
25.4	0.577505095168775
25.5	0.56873790063106
25.6	0.592408152045988
25.7	0.569334576213424
25.8	0.561772388163827
25.9	0.588410324460113
26	0.579902440837531
26.1	0.601805042900106
26.2	0.604989754984663
26.3	0.599155357867238
26.4	0.593014779656979
26.5	0.578215506469946
26.6	0.583540731736756
26.7	0.564159647855198
26.8	0.578760177262131
26.9	0.5610085246202
27	0.533012778307381
27.1	0.529041599179853
27.2	0.532397515982024
27.3	0.518468575881359
27.4	0.551610888078049
27.5	0.533301358635618
27.6	0.562500443922356
27.7	0.559680623376806
27.8	0.601020505184723
27.9	0.586717390172067
28	0.567533058907063
28.1	0.575538954123797
28.2	0.581649082910755
28.3	0.555428649854466
28.4	0.556743190204581
28.5	0.551617140472354
28.6	0.548675546100216
28.7	0.550556894198776
28.8	0.540835583698851
28.9	0.546465898818578
29	0.565013648505213
29.1	0.583253366906658
29.2	0.597001862737718
29.3	0.586122408124068
29.4	0.58702073138304
29.5	0.59866807195112
29.6	0.578158092236187
29.7	0.578383558503114
29.8	0.576185507762452
29.9	0.593005335423189
30	0.548986796347727
30.1	0.571962963916116
30.2	0.576894158258002
30.3	0.597177283048451
30.4	0.569031154950376
30.5	0.563172573013748
30.6	0.567013690266946
30.7	0.574951322095862
30.8	0.613503037941902
30.9	0.582328590915162
31	0.593156729330875
31.1	0.615736291933542
31.2	0.5577006713467
31.3	0.559719375380925
31.4	0.554094950557232
31.5	0.543126892326714
31.6	0.526753890793521
31.7	0.535084891169828
31.8	0.552212849518685
31.9	0.516584372390377
32	0.542225321359558
32.1	0.543561608129338
32.2	0.5500428322108
32.3	0.541928707844408
32.4	0.563307888599333
32.5	0.564857084295318
32.6	0.557035137075593
32.7	0.552863804633194
32.8	0.541154851491126
32.9	0.51855832120186
33	0.528389711358714
33.1	0.513391210976516
33.2	0.517040096664477
33.3	0.525413292012263
33.4	0.526805223688667
33.5	0.523979405875677
33.6	0.538407689028162
33.7	0.568918397724583
33.8	0.542228063112648
33.9	0.527370587395633
34	0.527412308306616
34.1	0.530541815372972
34.2	0.512033205126405
34.3	0.539427275157975
34.4	0.531216160173421
34.5	0.539877672379712
34.6	0.559301556366184
34.7	0.555048588272301
34.8	0.562634056641169
34.9	0.542067365393319
35	0.571705928922911
35.1	0.540812668807588
35.2	0.544545924885474
35.3	0.55298456774383
35.4	0.559642116903235
35.5	0.556737578311436
35.6	0.575317509254614
35.7	0.574784450062667
35.8	0.591746650105332
35.9	0.603341185011717
36	0.595519305401276
36.1	0.62033629869843
36.2	0.604951357132004
36.3	0.611807188774716
36.4	0.625569299928231
36.5	0.634578379305012
36.6	0.636548042386608
36.7	0.620060113612894
36.8	0.633107443126043
36.9	0.628160719784869
37	0.648084222441883
37.1	0.678870221585902
37.2	0.677658503709747
37.3	0.656321705362946
37.4	0.673359829761575
37.5	0.733442967836745
37.6	0.718898098139686
37.7	0.774510620675146
37.8	0.80445347474207
37.9	0.873754563031106
38	0.894074742641633
38.1	0.928167783993897
38.2	0.978480733614584
38.3	1.02878427195608
38.4	1.04357391773687
38.5	1.08202598882029
38.6	1.15937207206407
38.7	1.17565449959096
38.8	1.2298038012936
38.9	1.22695436900575
39	1.30539147724252
39.1	1.36666571347951
39.2	1.40482903677322
39.3	1.50519209574247
39.4	1.5400836317515
39.5	1.683028644602
39.6	1.76500906091379
39.7	1.88629271885887
39.8	2.03698945495008
39.9	2.20863272731719
40	2.36263687044704
40.1	2.52508633025356
40.2	2.68896797094513
40.3	2.92174187012824
40.4	3.11129405985369
40.5	3.30444416086197
40.6	3.59282804753077
40.7	3.88397328418051
40.8	4.18126730035885
40.9	4.49226584641234
41	4.90846268230112
41.1	5.67117931035284
41.2	6.4112977518372
41.3	7.28841400231399
41.4	8.0638458710444
41.5	10
41.6	10
41.7	10
41.8	10
41.9	10
42	10
42.1	10
42.2	10
42.3	10
42.4	10
42.5	10
42.6	10
42.7	10
42.8	10
42.9	10
43	10
43.1	10
43.2	10
43.3	10
43.4	10
43.5	10
43.6	10
43.7	10
43.8	10
43.9	10
44	10
44.1	10
44.2	10
44.3	10
44.4	10
44.5	10
44.6	10
44.7	10
44.8	10
44.9	10
45	10
